604872,4612865,165000000,0,31,600000
675,28712,275000000,0,4,200000
1191888,12624777,413000000,0,8,200000
773492,8196989,275000000,0,9,300000
1144,57890,206000000,0,7,300000
696224,11253889,165000000,0,3,200000
623348,5924037,825000000,0,5,300000
6733,180307,825000000,0,13,400000
607268,4609577,825000000,0,11,500000
6589,148354,413000000,0,12,300000
6589,148354,413000000,0,12,300000
6589,148354,413000000,0,10,300000
3742,166275,275000000,0,31,600000
3742,166275,275000000,0,40,600000
83109,700731,825000000,0,16,300000
1246588,10704241,543000000,0,8,400000
477,14492,413000000,0,9,400000
477,14492,413000000,0,13,300000
477,14492,413000000,0,9,400000
3665,155477,275000000,0,13,300000
731460,7728405,275000000,0,11,300000
731460,7728405,275000000,0,10,300000
731460,7728405,275000000,0,12,300000
731460,7728405,275000000,0,11,300000
731460,7728405,275000000,0,9,300000
731460,7728405,275000000,0,9,400000
731460,7728405,275000000,0,12,300000
8946,278232,413000000,0,11,300000
8946,278232,413000000,0,12,400000
8946,278232,413000000,0,11,300000
3953,180453,275000000,0,9,300000
709011,7717381,275000000,0,11,300000
709011,7717381,275000000,0,13,600000
726,22278,413000000,0,26,500000
726,22278,413000000,0,10,300000
726,22278,413000000,0,9,300000
726,22278,413000000,0,8,300000
726,22278,413000000,0,11,300000
7118,251675,413000000,0,12,300000
7118,251675,413000000,0,16,300000
7118,251675,413000000,0,9,400000
7118,251675,413000000,0,9,400000
539,14476,413000000,0,11,300000
539,14476,413000000,0,9,400000
539,14476,413000000,0,11,300000
539,14476,413000000,0,12,300000
539,14476,413000000,0,12,300000
539,14476,413000000,0,9,300000
539,14476,413000000,0,11,300000
539,14476,413000000,0,12,300000
9290,404761,275000000,0,9,300000
9290,404761,275000000,0,11,300000
9290,404761,275000000,0,10,300000
3641,119260,413000000,0,11,300000
1228,46513,275000000,0,12,300000
1228,46513,275000000,0,10,300000
1228,46513,275000000,0,9,300000
1228,46513,275000000,0,10,400000
1228,46513,275000000,0,14,400000
1228,46513,275000000,0,10,300000
1228,46513,275000000,0,30,600000
805069,12094121,413000000,0,11,400000
507,20406,275000000,0,10,300000
804248,13055637,543000000,0,14,400000
804248,13055637,543000000,0,11,400000
493,16536,413000000,0,9,300000
493,16536,413000000,0,10,300000
493,16536,413000000,0,14,400000
493,16536,413000000,0,31,400000
4233,175463,275000000,0,10,300000
1367,43467,413000000,0,10,300000
30143,426241,275000000,0,11,300000
1399,51072,413000000,0,12,300000
1399,51072,413000000,0,11,300000
2154,82813,275000000,0,8,300000
2154,82813,275000000,0,10,500000
665,23891,413000000,0,12,400000
665,23891,413000000,0,10,300000
452,13939,413000000,0,10,300000
452,13939,413000000,0,10,300000
428,13905,413000000,0,11,300000
1228344,16280209,413000000,0,12,300000
1228344,16280209,413000000,0,10,300000
1228344,16280209,413000000,0,11,300000
451,14504,413000000,0,10,300000
451,14504,413000000,0,13,400000
451,14504,413000000,0,11,300000
451,14504,413000000,0,10,600000
4106,179720,275000000,0,10,300000
4106,179720,275000000,0,14,400000
4106,179720,275000000,0,8,300000
4106,179720,275000000,0,9,400000
4689,145031,413000000,0,10,300000
915684,7735009,825000000,0,21,500000
633,14010,543000000,0,37,600000
10794,150221,543000000,0,34,600000
10794,150221,543000000,0,13,400000
10794,150221,543000000,0,5,300000
10794,150221,543000000,0,6,300000
10794,150221,543000000,0,26,300000
10794,150221,543000000,0,4,300000
10794,150221,543000000,0,6,300000
10794,150221,543000000,0,6,300000
10794,150221,543000000,0,7,300000
10794,150221,543000000,0,6,300000
10794,150221,543000000,0,5,300000
10794,150221,543000000,0,5,300000
10794,150221,543000000,0,3,300000
10794,150221,543000000,0,6,300000
10794,150221,543000000,0,3,200000
10794,150221,543000000,0,5,300000
10794,150221,543000000,0,3,300000
10794,150221,543000000,0,4,300000
10794,150221,543000000,0,3,200000
10794,150221,543000000,0,5,300000
10794,150221,543000000,0,3,300000
10794,150221,543000000,0,6,300000
10794,150221,543000000,0,22,500000
10794,150221,543000000,0,27,500000
10794,150221,543000000,0,6,300000
10794,150221,543000000,0,6,300000
10794,150221,543000000,0,6,300000
10794,150221,543000000,0,6,300000
10794,150221,543000000,0,6,300000
10794,150221,543000000,0,4,300000
10794,150221,543000000,0,4,300000
10794,150221,543000000,0,12,300000
10794,150221,543000000,0,8,300000
10794,150221,543000000,0,6,300000
10794,150221,543000000,0,8,300000
10794,150221,543000000,0,6,300000
10794,150221,543000000,0,4,200000
10794,150221,543000000,0,6,200000
10794,150221,543000000,0,6,300000
10794,150221,543000000,0,5,300000
10794,150221,543000000,0,5,300000
10794,150221,543000000,0,6,300000
10794,150221,543000000,0,5,300000
10794,150221,543000000,0,11,300000
10794,150221,543000000,0,4,300000
10794,150221,543000000,0,10,300000
10794,150221,543000000,0,6,300000
36144,24577238,206000000,0,4,300000
36144,24577238,206000000,0,7,300000
36144,24577238,206000000,0,5,300000
36144,24577238,206000000,0,4,300000
36144,24577238,206000000,0,5,300000
481,21208,275000000,0,4,300000
481,21208,275000000,0,7,300000
481,21208,275000000,0,5,200000
481,21208,275000000,0,4,200000
481,21208,275000000,0,5,300000
481,21208,275000000,0,4,200000
481,21208,275000000,0,4,300000
481,21208,275000000,0,7,300000
481,21208,275000000,0,7,300000
481,21208,275000000,0,3,300000
981436,13721137,413000000,0,4,200000
520,24174,413000000,0,5,300000
1180608,16350977,413000000,0,5,200000
951,42356,275000000,0,8,300000
512,26392,206000000,0,4,300000
938,19332,543000000,0,5,300000
938,19332,543000000,0,6,200000
79558,1431634,206000000,0,4,300000
955884,8311537,543000000,0,5,300000
906,47212,206000000,0,4,300000
906,47212,206000000,0,7,500000
16851,231008,275000000,0,13,300000
429,8745,543000000,0,9,300000
609,27838,275000000,0,12,300000
1783,58545,413000000,0,11,300000
922324,11295145,275000000,0,11,300000
639,18857,413000000,0,10,300000
639,18857,413000000,0,10,300000
2839,127197,275000000,0,10,300000
17897,189260,413000000,0,11,300000
17897,189260,413000000,0,10,300000
17897,189260,413000000,0,10,300000
1345340,14329817,275000000,0,10,300000
982044,14036825,413000000,0,13,400000
17510,248733,275000000,0,10,300000
17510,248733,275000000,0,11,300000
2263,69880,413000000,0,19,500000
2263,69880,413000000,0,12,300000
2263,69880,413000000,0,10,300000
2263,69880,413000000,0,21,300000
1144888,12129269,275000000,0,11,300000
1144888,12129269,275000000,0,10,300000
1144888,12129269,275000000,0,11,300000
93109,983799,413000000,0,10,300000
1353,52231,275000000,0,12,300000
1353,52231,275000000,0,14,300000
1353,52231,275000000,0,11,300000
3595,105807,413000000,0,11,300000
563,20949,413000000,0,8,300000
563,20949,413000000,0,19,400000
2135,86357,275000000,0,10,300000
2135,86357,275000000,0,22,500000
2768,77365,413000000,0,13,400000
1490,57813,275000000,0,11,300000
1106,46539,275000000,0,9,300000
1106,46539,275000000,0,19,300000
1106,46539,275000000,0,15,300000
1106,46539,275000000,0,10,300000
829188,11302565,413000000,0,18,300000
29506,425792,413000000,0,9,300000
24948,352909,275000000,0,8,300000
24948,352909,275000000,0,31,600000
24948,352909,275000000,0,14,400000
4658,129565,413000000,0,80,1200000
997022,13299809,413000000,0,10,300000
808384,11547057,413000000,0,10,300000
2942,78241,413000000,0,10,300000
1807,66982,413000000,0,15,300000
1807,66982,413000000,0,10,300000
856685,8829053,275000000,0,16,400000
856685,8829053,275000000,0,10,400000
856685,8829053,275000000,0,12,300000
856685,8829053,275000000,0,12,300000
856685,8829053,275000000,0,38,700000
595,27446,275000000,0,13,300000
1276,30485,543000000,0,12,400000
1276,30485,543000000,0,14,400000
1276,30485,543000000,0,11,300000
1276,30485,543000000,0,11,300000
1276,30485,543000000,0,9,300000
1276,30485,543000000,0,11,300000
1276,30485,543000000,0,10,300000
8132,437217,206000000,0,11,300000
8132,437217,206000000,0,10,300000
2587,68055,413000000,0,11,300000
1641,70501,275000000,0,11,300000
775,20727,413000000,0,32,600000
741,27354,413000000,0,38,700000
1522,34661,543000000,0,36,600000
1522,34661,543000000,0,12,300000
1522,34661,543000000,0,11,300000
1522,34661,543000000,0,12,300000
435,13942,413000000,0,21,500000
512,14499,413000000,0,15,400000
512,14499,413000000,0,12,300000
512,14499,413000000,0,11,300000
2979,125684,275000000,0,12,300000
1441,47805,413000000,0,21,500000
16604,236529,413000000,0,10,300000
16604,236529,413000000,0,11,300000
16604,236529,413000000,0,11,300000
16604,236529,413000000,0,12,300000
16604,236529,413000000,0,15,400000
16604,236529,413000000,0,11,300000
16604,236529,413000000,0,12,300000
8719,384774,275000000,0,9,300000
8719,384774,275000000,0,10,300000
8719,384774,275000000,0,15,400000
8719,384774,275000000,0,10,300000
1148156,16211009,413000000,0,15,400000
1425,64191,275000000,0,9,300000
1239,34418,413000000,0,15,400000
1928,77187,275000000,0,11,400000
1928,77187,275000000,0,9,400000
1972,61779,413000000,0,12,300000
719,25588,413000000,0,16,400000
719,25588,413000000,0,10,300000
719,25588,413000000,0,11,300000
719,25588,413000000,0,10,300000
719,25588,413000000,0,11,300000
6701,287940,275000000,0,11,300000
1705,47286,413000000,0,9,300000
1705,47286,413000000,0,10,300000
1705,47286,413000000,0,10,300000
1705,47286,413000000,0,14,400000
4387,182831,275000000,0,8,400000
4387,182831,275000000,0,10,300000
3069,93487,413000000,0,36,600000
854,38379,275000000,0,11,300000
854,38379,275000000,0,10,300000
2079,61841,413000000,0,8,300000
2079,61841,413000000,0,10,300000
52423,731336,275000000,0,11,300000
52423,731336,413000000,0,10,300000
2212,73660,413000000,0,10,300000
51463,716133,275000000,0,16,400000
51463,716133,275000000,0,13,300000
924220,12935245,413000000,0,7,300000
946,25496,413000000,0,5,300000
512,13959,413000000,0,4,200000
39656,492789,413000000,0,3,200000
39656,492789,413000000,0,5,200000
70499,1003836,275000000,0,7,300000
680776,7233961,275000000,0,7,300000
680776,7233961,275000000,0,10,300000
494,13973,413000000,0,6,300000
494,13973,413000000,0,5,300000
494,13973,413000000,0,4,200000
3888,157111,275000000,0,6,300000
574500,4607201,825000000,0,3,200000
786,53648,165000000,0,14,300000
786,53648,165000000,0,12,300000
786,53648,165000000,0,8,300000
4481,91587,543000000,0,8,300000
4481,91587,543000000,0,12,300000
502,10459,543000000,0,10,400000
438,10461,543000000,0,13,400000
438,10461,543000000,0,12,300000
438,10461,543000000,0,30,400000
2883,150093,206000000,0,11,300000
2883,150093,206000000,0,11,300000
3032,77286,413000000,0,8,300000
3032,77286,413000000,0,9,400000
3032,77286,413000000,0,10,300000
3700,160911,275000000,0,15,400000
1257,39176,413000000,0,11,400000
584,22388,275000000,0,13,300000
584,22388,275000000,0,14,300000
584,22388,275000000,0,8,300000
584,22388,275000000,0,12,300000
584,22388,275000000,0,10,300000
584,22388,275000000,0,32,600000
6852,216493,413000000,0,9,300000
6852,216493,413000000,0,7,300000
6852,216493,413000000,0,9,300000
6852,216493,413000000,0,8,300000
6852,216493,413000000,0,10,300000
6852,216493,413000000,0,15,400000
6852,216493,413000000,0,8,300000
6852,216493,413000000,0,9,300000
9219,406264,275000000,0,19,300000
9219,406264,275000000,0,10,300000
9219,406264,275000000,0,8,300000
9219,406264,275000000,0,10,300000
5513,179949,413000000,0,9,300000
9691,141897,413000000,0,10,300000
1146040,16498749,413000000,0,12,300000
1146040,16498749,413000000,0,10,300000
1146040,16498749,413000000,0,9,400000
1146040,16498749,413000000,0,12,300000
1146040,16498749,413000000,0,10,300000
1146040,16498749,413000000,0,10,300000
1146040,16498749,413000000,0,10,300000
1146040,16498749,413000000,0,9,300000
1146040,16498749,413000000,0,8,300000
1146040,16498749,413000000,0,10,300000
1146040,16498749,413000000,0,9,300000
1146040,16498749,413000000,0,9,400000
1146040,16498749,413000000,0,10,300000
1146040,16498749,413000000,0,12,300000
17189,759862,275000000,0,42,700000
17189,759862,275000000,0,13,300000
2323,70927,413000000,0,24,400000
736168,7716897,275000000,0,3,200000
855536,10771261,206000000,0,22,500000
855536,10771261,206000000,0,33,600000
7429,169034,825000000,0,18,400000
7429,169034,825000000,0,8,300000
76681,1820867,206000000,0,11,300000
76681,1820867,206000000,0,47,800000
76681,1820867,206000000,0,13,300000
76681,1820867,206000000,0,13,400000
76681,1820867,206000000,0,9,300000
76681,1820867,206000000,0,10,300000
7464,181932,543000000,0,9,300000
7464,181932,543000000,0,10,300000
7464,181932,543000000,0,12,300000
3418,174387,206000000,0,11,300000
3418,174387,206000000,0,13,300000
3418,174387,206000000,0,11,300000
3418,174387,206000000,0,10,400000
3418,174387,206000000,0,12,300000
3418,174387,206000000,0,13,400000
7887,202839,413000000,0,10,300000
7887,202839,413000000,0,11,300000
1963,83447,275000000,0,11,300000
22680,241222,413000000,0,9,300000
22680,241222,413000000,0,10,300000
22680,241222,413000000,0,10,300000
22680,241222,413000000,0,12,300000
22680,241222,413000000,0,15,400000
6187,278130,275000000,0,9,400000
6187,278130,275000000,0,12,300000
6187,278130,275000000,0,8,300000
6187,278130,275000000,0,8,300000
6187,278130,275000000,0,11,300000
6187,278130,275000000,0,11,300000
6187,278130,275000000,0,9,300000
8525,270724,413000000,0,12,300000
8525,270724,413000000,0,9,300000
8525,270724,413000000,0,9,400000
8525,270724,413000000,0,10,300000
8525,270724,413000000,0,10,300000
8525,270724,413000000,0,11,300000
8525,270724,413000000,0,8,300000
8525,270724,413000000,0,14,300000
9285,406261,275000000,0,10,300000
9285,406261,275000000,0,11,300000
2267,68209,413000000,0,8,400000
695,26391,275000000,0,18,300000
695,26391,275000000,0,10,300000
695,26391,275000000,0,10,300000
4060,130528,413000000,0,12,300000
736,28821,413000000,0,12,400000
1124,34928,413000000,0,10,300000
1124,34928,413000000,0,10,300000
1124,34928,413000000,0,8,300000
1124,34928,413000000,0,14,400000
1124,34928,413000000,0,12,300000
1124,34928,413000000,0,11,300000
1124,34928,413000000,0,11,300000
9402,406267,275000000,0,12,300000
9402,406267,275000000,0,12,300000
1991,60171,413000000,0,11,300000
1991,60171,413000000,0,13,300000
1991,60171,413000000,0,10,300000
1152,34927,413000000,0,12,400000
1152,34927,413000000,0,7,300000
1152,34927,413000000,0,13,400000
3469,134428,275000000,0,10,300000
3469,134428,275000000,0,13,300000
3469,134428,275000000,0,11,300000
3469,134428,275000000,0,10,300000
3469,134428,275000000,0,10,300000
5842,179436,413000000,0,10,300000
1822,78097,275000000,0,13,400000
30111,328917,413000000,0,12,300000
30111,328917,413000000,0,10,300000
30111,328917,413000000,0,11,300000
1139312,12094137,275000000,0,13,300000
1139312,12094137,275000000,0,10,300000
60225,640009,413000000,0,11,300000
773516,8259557,275000000,0,11,300000
562,14466,413000000,0,12,300000
562,14466,413000000,0,13,400000
3115,136928,275000000,0,16,300000
675,14528,543000000,0,13,400000
675,14528,543000000,0,10,300000
675,14528,543000000,0,11,300000
4228,236054,206000000,0,12,300000
4228,236054,206000000,0,10,300000
4228,236054,206000000,0,11,300000
2810,71610,413000000,0,9,300000
465,13910,413000000,0,10,300000
465,13910,413000000,0,11,300000
465,13910,413000000,0,29,300000
889,27942,413000000,0,8,300000
889,27942,413000000,0,9,300000
42877,614824,275000000,0,10,300000
1408,45693,413000000,0,12,300000
1321,54557,275000000,0,10,300000
1321,54557,275000000,0,9,300000
1321,54557,275000000,0,8,300000
1321,54557,275000000,0,11,300000
4627,135401,413000000,0,10,300000
4627,135401,413000000,0,11,300000
931080,9883989,275000000,0,10,300000
931080,9883989,275000000,0,10,300000
931080,9883989,275000000,0,10,300000
931080,9883989,275000000,0,10,400000
931080,9883989,275000000,0,16,400000
931080,9883989,275000000,0,8,300000
931080,9883989,275000000,0,9,300000
931080,9883989,275000000,0,41,700000
931080,9883989,275000000,0,10,300000
931080,9883989,275000000,0,9,300000
931080,9883989,275000000,0,10,300000
931080,9883989,275000000,0,10,300000
931080,9883989,275000000,0,10,300000
931080,9883989,275000000,0,39,700000
977684,12372673,413000000,0,24,500000
1367644,15632773,413000000,0,32,600000
1397,28128,413000000,0,12,300000
11209,148397,413000000,0,21,500000
23926,329310,413000000,0,11,300000
23926,329310,413000000,0,10,300000
430,14996,413000000,0,7,400000
808,23231,413000000,0,9,300000
808,23231,413000000,0,17,300000
2497,110502,275000000,0,12,300000
1111,30086,413000000,0,14,300000
1111,30086,413000000,0,30,400000
2528,109435,275000000,0,11,300000
1910,61250,413000000,0,18,300000
1910,61250,413000000,0,98,1400000
7647,142541,825000000,0,100,1400000
909712,13254849,413000000,0,100,1400000
40959,508347,825000000,0,100,1400000
1169984,14045069,413000000,0,100,1400000
928400,11553593,413000000,0,100,1400000
10669,244854,825000000,0,100,1400000
27765,202598,825000000,0,100,1400000
1343600,16511673,413000000,0,100,1400000
1343012,16489145,413000000,0,100,1400000
932,21035,543000000,0,100,1400000
932,21035,543000000,0,100,1400000
6469,175474,825000000,0,93,1300000
3291324,11553009,825000000,0,75,1200000
125585,406153,825000000,0,66,1000000
181546,405759,825000000,0,55,900000
211349,422415,825000000,0,43,800000
337162,625000,825000000,0,53,800000
337162,625000,825000000,0,51,500000
1226507,1970793,825000000,0,31,600000
385876,559893,825000000,0,37,600000
399372,561879,825000000,0,30,600000
316338,422342,825000000,0,31,600000
292522,405303,825000000,0,34,600000
292522,405303,825000000,0,33,500000
1088035,1524193,825000000,0,27,500000
1088035,1524193,825000000,0,33,600000
1088035,1524193,825000000,0,21,500000
1088035,1524193,825000000,0,35,600000
1088035,1524193,825000000,0,29,500000
297523,419108,825000000,0,27,500000
297523,419108,825000000,0,38,700000
297523,419108,825000000,0,38,700000
297523,419108,825000000,0,55,900000
2230090,3321996,825000000,0,59,900000
50380,463872,825000000,0,56,900000
281168,468238,825000000,0,64,1000000
281168,468238,825000000,0,48,800000
848663,1533207,825000000,0,57,900000
314121,669681,825000000,0,73,1100000
314121,669681,825000000,0,78,1100000
314121,669681,825000000,0,83,1100000
768764,2750296,825000000,0,91,1300000
1997,69270,413000000,0,100,1400000
1997,69270,413000000,0,87,1200000
113630,718738,413000000,0,71,1100000
113630,718738,413000000,0,64,1000000
262111,1439310,825000000,0,51,800000
41341,464426,825000000,0,50,800000
41341,464426,825000000,0,33,600000
41341,464426,825000000,0,30,600000
41341,464426,825000000,0,29,500000
2457799,3939455,825000000,0,40,700000
91500,425198,825000000,0,30,600000
91500,425198,825000000,0,30,600000
91500,425198,825000000,0,38,700000
1875856,2563434,825000000,0,27,600000
355850,499768,825000000,0,27,600000
355850,499768,825000000,0,17,900000
355850,499768,825000000,0,36,600000
2326516,3250123,825000000,0,33,600000
470622,655944,825000000,0,33,600000
470622,655944,825000000,0,34,600000
470622,655944,825000000,0,42,700000
470622,655944,825000000,0,40,500000
470622,655944,825000000,0,35,600000
2575652,3906501,825000000,0,32,600000
2575652,3906501,825000000,0,50,800000
2575652,3906501,825000000,0,47,800000
2575652,3906501,825000000,0,46,800000
2575652,3906501,825000000,0,67,1000000
2158002,4015302,825000000,0,78,1200000
2158002,4015302,825000000,0,79,1100000
599473,2296739,825000000,0,91,1300000
599473,2296739,825000000,0,100,1400000
16539,240486,413000000,0,100,1400000
16539,240486,413000000,0,100,1400000
989924,11546769,413000000,0,14,400000
0,407019,825000000,0,100,1400000
3941,105989,413000000,0,100,1400000
3941,105989,413000000,0,100,1400000
3941,105989,413000000,0,100,1400000
3941,105989,413000000,0,100,1400000
9521,135392,413000000,0,100,1400000
9521,135392,413000000,0,100,1400000
9521,135392,413000000,0,100,1400000
9521,135392,413000000,0,100,1400000
6758,219351,413000000,0,100,1400000
20026,283752,413000000,0,100,1400000
23107,330459,413000000,0,100,1400000
36525,11592907,825000000,0,82,1200000
97987,395224,825000000,0,73,1100000
134122,406752,825000000,0,61,900000
200169,405951,825000000,0,46,800000
2352,180234,825000000,0,40,700000
2352,180234,825000000,0,28,600000
104402,1418377,825000000,0,37,600000
104402,1418377,825000000,0,49,800000
104402,1418377,825000000,0,40,700000
104402,1418377,825000000,0,32,600000
295094,408151,825000000,0,33,600000
295094,408151,825000000,0,27,500000
295094,408151,825000000,0,46,800000
1987152,2722401,825000000,0,36,600000
1987152,2722401,825000000,0,38,700000
292623,404373,825000000,0,40,700000
27481,270550,825000000,0,34,600000
27481,270550,825000000,0,36,600000
227118,1534823,825000000,0,33,600000
289751,423181,825000000,0,54,800000
289751,423181,825000000,0,27,500000
289751,423181,825000000,0,57,900000
2164711,3335312,825000000,0,43,700000
2164711,3335312,825000000,0,44,700000
2164711,3335312,825000000,0,63,1000000
2164711,3335312,825000000,0,55,900000
2164711,3335312,825000000,0,79,1100000
2164711,3335312,825000000,0,81,1200000
2164711,3335312,825000000,0,90,1300000
2051371,5556826,825000000,0,100,1400000
58802,1215330,413000000,0,86,1200000
91921,406262,825000000,0,69,1000000
125003,421910,825000000,0,63,1000000
125003,421910,825000000,0,67,1000000
5513,193077,825000000,0,70,1000000
21871,180231,825000000,0,59,900000
256214,420924,825000000,0,57,900000
315465,484342,825000000,0,31,600000
268584,773148,825000000,0,36,600000
59224,283602,825000000,0,48,800000
2124055,3015709,825000000,0,48,800000
522986,733855,825000000,0,40,700000
198519,2113749,825000000,0,37,600000
43678,270558,825000000,0,37,600000
43678,270558,825000000,0,28,500000
43678,270558,825000000,0,37,600000
43678,270558,825000000,0,32,600000
2585917,3593893,825000000,0,28,500000
383236,547403,825000000,0,37,600000
383236,547403,825000000,0,32,600000
383236,547403,825000000,0,45,700000
383236,547403,825000000,0,40,700000
248398,406087,825000000,0,58,900000
248398,406087,825000000,0,44,700000
1214873,2061082,825000000,0,63,1000000
137178,438064,825000000,0,52,800000
388278,780592,825000000,0,69,900000
388278,780592,825000000,0,66,1000000
617281,1665914,825000000,0,79,1100000
52205,180452,825000000,0,85,1200000
188140,566977,825000000,0,96,1400000
7877,136597,825000000,0,100,1400000
7877,136597,825000000,0,100,1400000
7877,136597,825000000,0,3,300000
0,500331,825000000,0,100,1400000
900822,12429797,413000000,0,100,1400000
733,41279,206000000,0,100,1400000
733,41279,206000000,0,100,1400000
733,41279,206000000,0,100,1400000
7212,193290,825000000,0,100,1400000
6716,180381,825000000,0,100,1400000
6716,180381,825000000,0,100,1400000
62984,1688811,825000000,0,100,1400000
1080995,8243081,825000000,0,100,1400000
1080995,8243081,825000000,0,100,1400000
1080995,8243081,825000000,0,94,1300000
6563,232219,413000000,0,78,1100000
6563,232219,413000000,0,64,1000000
402911,1637714,825000000,0,49,800000
402911,1637714,825000000,0,57,900000
732282,1487613,825000000,0,29,500000
986966,1625393,825000000,0,47,800000
273430,405034,825000000,0,41,700000
527897,781819,825000000,0,40,700000
527897,781819,825000000,0,22,500000
527897,781819,825000000,0,36,600000
2302074,3175025,825000000,0,37,600000
2302074,3175025,825000000,0,23,700000
2302074,3175025,825000000,0,26,500000
2302074,3175025,825000000,0,30,600000
1953001,2684271,825000000,0,33,600000
282163,397322,825000000,0,45,700000
296311,405778,825000000,0,28,500000
296311,405778,825000000,0,37,600000
296311,405778,825000000,0,30,600000
296311,405778,825000000,0,40,800000
471814,730321,825000000,0,50,800000
306842,485921,825000000,0,29,500000
306842,485921,825000000,0,39,700000
306842,485921,825000000,0,47,800000
225473,2475051,825000000,0,51,800000
1713055,2988451,825000000,0,62,900000
1713055,2988451,825000000,0,73,1100000
864289,2445908,825000000,0,82,1200000
864289,2445908,825000000,0,90,1300000
31799,500683,543000000,0,100,1400000
35511,354164,543000000,0,81,1200000
35511,354164,543000000,0,78,1100000
35511,354164,543000000,0,59,700000
763385,2406766,825000000,0,45,700000
763385,2406766,825000000,0,38,900000
763385,2406766,825000000,0,44,700000
763385,2406766,825000000,0,32,600000
763385,2406766,825000000,0,39,700000
325373,471295,825000000,0,23,600000
303745,418708,825000000,0,45,700000
303745,418708,825000000,0,40,700000
303745,418708,825000000,0,34,600000
2212296,3061108,825000000,0,42,700000
445257,609940,825000000,0,33,600000
445257,609940,825000000,0,22,600000
445257,609940,825000000,0,38,700000
445257,609940,825000000,0,42,700000
368662,539509,825000000,0,36,600000
368662,539509,825000000,0,32,600000
295061,421586,825000000,0,39,700000
268733,405736,825000000,0,42,700000
754424,1135012,825000000,0,47,800000
754424,1135012,825000000,0,60,900000
754424,1135012,825000000,0,33,600000
1357623,2229211,825000000,0,61,900000
1357623,2229211,825000000,0,54,800000
191939,404875,825000000,0,59,900000
191939,404875,825000000,0,73,1100000
494361,1279204,825000000,0,82,1200000
494361,1279204,825000000,0,86,1200000
11125,225865,543000000,0,100,1400000
11125,225865,543000000,0,100,1400000
1297312,13831021,543000000,0,100,1400000
876,38779,275000000,0,45,700000
14835,159127,825000000,0,100,1400000
1000,27560,413000000,0,100,1400000
802292,11553913,413000000,0,100,1400000
802292,11553913,413000000,0,100,1400000
802292,11553913,413000000,0,100,1400000
1276510,13851977,543000000,0,100,1400000
845448,15192173,543000000,0,100,1400000
1302432,13805825,413000000,0,100,1400000
854596,12368421,413000000,0,100,1400000
605,20955,413000000,0,100,1400000
984,28276,413000000,0,100,1400000
984,28276,413000000,0,91,1300000
1071,44419,275000000,0,80,1200000
121609,759348,825000000,0,60,900000
121609,759348,825000000,0,52,800000
993874,2327937,825000000,0,45,700000
993874,2327937,825000000,0,56,900000
239114,1083166,825000000,0,38,700000
254183,405748,825000000,0,29,500000
254183,405748,825000000,0,37,600000
1548844,2206158,825000000,0,34,600000
1548844,2206158,825000000,0,49,800000
1548844,2206158,825000000,0,42,700000
298398,406218,825000000,0,32,600000
625952,852482,825000000,0,25,500000
295594,405686,825000000,0,23,600000
663279,916457,825000000,0,45,700000
663279,916457,825000000,0,44,700000
1219235,1678892,825000000,0,43,700000
1219235,1678892,825000000,0,27,500000
1219235,1678892,825000000,0,31,600000
1571905,2237128,825000000,0,39,700000
502561,749090,825000000,0,56,900000
458868,745968,825000000,0,62,800000
44852,180352,825000000,0,70,1000000
44852,180352,825000000,0,44,700000
219925,406978,825000000,0,47,800000
219925,406978,825000000,0,56,900000
219925,406978,825000000,0,68,1000000
133125,421633,825000000,0,81,1200000
83872,405663,825000000,0,82,1200000
24828,181245,413000000,0,91,1300000
39053,394690,825000000,0,100,1400000
2274460,16278845,543000000,0,85,1200000
98876,406212,543000000,0,75,1100000
162329,421628,825000000,0,66,1000000
342350,734321,825000000,0,50,800000
307098,579687,825000000,0,37,600000
384629,670283,825000000,0,46,800000
271641,412572,825000000,0,42,700000
271641,412572,825000000,0,32,600000
271641,412572,825000000,0,34,600000
271641,412572,825000000,0,33,600000
435504,593658,825000000,0,47,800000
435504,593658,825000000,0,23,600000
766246,1062215,825000000,0,38,700000
766246,1062215,825000000,0,32,600000
766246,1062215,825000000,0,49,800000
766246,1062215,825000000,0,31,600000
766246,1062215,825000000,0,38,700000
766246,1062215,825000000,0,25,500000
766246,1062215,825000000,0,37,600000
766246,1062215,825000000,0,41,700000
766246,1062215,825000000,0,32,600000
766246,1062215,825000000,0,33,600000
766246,1062215,825000000,0,58,600000
766246,1062215,825000000,0,62,900000
766246,1062215,825000000,0,55,900000
766246,1062215,825000000,0,53,800000
766246,1062215,825000000,0,63,1000000
766246,1062215,825000000,0,58,900000
766246,1062215,825000000,0,80,1200000
9057020,14602880,825000000,0,79,1100000
9057020,14602880,825000000,0,90,1300000
9057020,14602880,825000000,0,100,1400000
9057020,14602880,825000000,0,100,1400000
9057020,14602880,825000000,0,100,1400000
14414,474989,413000000,0,100,1400000
1007736,14924861,413000000,0,100,1400000
1007736,14924861,413000000,0,100,1400000
1007736,14924861,413000000,0,100,1400000
1007736,14924861,413000000,0,100,1400000
1007736,14924861,413000000,0,100,1400000
1007736,14924861,413000000,0,100,1400000
1007736,14924861,413000000,0,100,1400000
1007736,14924861,413000000,0,100,1400000
224966,3252520,413000000,0,100,1400000
224966,3252520,413000000,0,100,1400000
2960,96821,413000000,0,100,1400000
2960,96821,413000000,0,92,1300000
75695,896815,825000000,0,81,1200000
290704,1266431,825000000,0,60,900000
290704,1266431,825000000,0,53,800000
5219,219013,825000000,0,44,900000
115315,760501,825000000,0,60,900000
115315,760501,825000000,0,50,700000
115315,760501,825000000,0,32,600000
115315,760501,825000000,0,31,600000
2321193,3408156,825000000,0,36,600000
399567,544744,825000000,0,24,600000
399567,544744,825000000,0,35,500000
1538397,2114010,825000000,0,35,600000
291217,417157,825000000,0,35,600000
423215,609100,825000000,0,37,600000
283084,403695,825000000,0,23,500000
304678,420857,825000000,0,50,800000
32048,270551,825000000,0,32,600000
275674,405806,825000000,0,34,600000
658825,922270,825000000,0,39,700000
658825,922270,825000000,0,59,900000
1468281,2212003,825000000,0,54,800000
44287,180455,825000000,0,38,700000
260124,441758,825000000,0,64,1000000
145284,425156,825000000,0,48,800000
145284,425156,825000000,0,53,800000
145284,425156,825000000,0,58,900000
145284,425156,825000000,0,84,1200000
145284,425156,825000000,0,85,1200000
22645,206000,825000000,0,92,1300000
46775,428371,413000000,0,100,1400000
64876,1644469,825000000,0,83,1200000
63004,407442,825000000,0,67,1000000
198401,830928,825000000,0,59,900000
198401,830928,825000000,0,49,800000
198401,830928,825000000,0,36,600000
244747,403669,825000000,0,44,700000
259124,406604,825000000,0,33,600000
259124,406604,825000000,0,43,700000
259124,406604,825000000,0,29,700000
138524,2321576,825000000,0,32,600000
308524,422880,825000000,0,35,500000
675246,937158,825000000,0,32,700000
739995,1011598,825000000,0,56,900000
739995,1011598,825000000,0,33,600000
328770,443988,825000000,0,30,600000
289089,407413,825000000,0,40,600000
289089,407413,825000000,0,37,600000
289089,407413,825000000,0,40,700000
289089,407413,825000000,0,41,700000
2421989,3447513,825000000,0,44,700000
486594,724946,825000000,0,41,800000
486594,724946,825000000,0,23,500000
486594,724946,825000000,0,31,1000000
486594,724946,825000000,0,37,600000
1956260,3233296,825000000,0,58,900000
1956260,3233296,825000000,0,61,900000
722007,1376281,825000000,0,65,1000000
722007,1376281,825000000,0,75,1100000
722007,1376281,825000000,0,83,1200000
722007,1376281,825000000,0,90,1300000
722007,1376281,825000000,0,100,1400000
649,41859,165000000,0,100,1400000
871772,7129337,206000000,0,100,1400000
1281872,13277285,275000000,0,70,1000000
1806,40988,543000000,0,100,1400000
1806,40988,543000000,0,100,1400000
1806,40988,543000000,0,100,1400000
1806,40988,543000000,0,100,1400000
7090,218487,413000000,0,100,1400000
7090,218487,413000000,0,100,1400000
7090,218487,413000000,0,100,1400000
7090,218487,413000000,0,100,1400000
7090,218487,413000000,0,100,1400000
7090,218487,413000000,0,100,1400000
7090,218487,413000000,0,100,1400000
215794,3071816,413000000,0,90,1300000
33924,11109367,825000000,0,81,1200000
133123,714830,543000000,0,63,1000000
133123,714830,543000000,0,55,900000
133123,714830,543000000,0,68,700000
1518764,3364122,825000000,0,39,700000
274637,405289,825000000,0,32,600000
335609,498773,825000000,0,40,700000
482143,714606,825000000,0,56,700000
311884,444512,825000000,0,58,800000
311884,444512,825000000,0,51,800000
311884,444512,825000000,0,43,700000
311884,444512,825000000,0,41,700000
204421,2025348,825000000,0,37,800000
446942,633147,825000000,0,30,600000
446942,633147,825000000,0,35,600000
446942,633147,825000000,0,36,600000
285696,395026,825000000,0,43,700000
285696,395026,825000000,0,33,600000
285696,395026,825000000,0,42,700000
271820,396378,825000000,0,47,800000
271820,396378,825000000,0,23,700000
271820,396378,825000000,0,26,500000
246144,396193,825000000,0,63,1000000
246144,396193,825000000,0,43,800000
246144,396193,825000000,0,49,800000
252078,513371,825000000,0,66,1000000
167775,414350,825000000,0,56,1000000
217663,586390,825000000,0,85,1100000
88977,406180,825000000,0,78,1100000
21494,180253,825000000,0,92,1300000
1216640,13182773,543000000,0,100,1400000
38927,675877,825000000,0,84,1200000
61042,406228,825000000,0,72,1100000
151598,406188,825000000,0,68,1000000
270836,595189,825000000,0,54,800000
222473,407118,825000000,0,64,1000000
243586,438560,825000000,0,39,700000
243586,438560,825000000,0,40,700000
243586,438560,825000000,0,40,600000
286752,406468,825000000,0,41,600000
300875,422083,825000000,0,42,700000
299549,405072,825000000,0,30,600000
299549,405072,825000000,0,62,900000
13776,500511,825000000,0,36,600000
180100,579933,825000000,0,36,600000
180100,579933,825000000,0,30,700000
180100,579933,825000000,0,40,700000
180100,579933,825000000,0,38,700000
199359,2694284,825000000,0,39,700000
199359,2694284,825000000,0,43,700000
199359,2694284,825000000,0,43,700000
199359,2694284,825000000,0,25,500000
110196,347475,825000000,0,50,800000
313934,520146,825000000,0,48,800000
313934,520146,825000000,0,79,1100000
1083994,1817481,825000000,0,51,800000
666450,1229033,825000000,0,57,900000
479984,1059276,825000000,0,55,900000
153701,404631,825000000,0,76,1100000
190434,594324,825000000,0,80,1200000
190434,594324,825000000,0,90,1300000
370041,2003807,825000000,0,100,1400000
886,30589,413000000,0,100,1400000
886,30589,413000000,0,100,1400000
3186,96798,413000000,0,100,1400000
2267,55155,543000000,0,100,1400000
12548,229155,825000000,0,100,1400000
12548,229155,825000000,0,100,1400000
865464,7493853,825000000,0,100,1400000
601812,4612081,825000000,0,100,1400000
1140,74458,165000000,0,100,1400000
1998856,15270529,825000000,0,100,1400000
1842,125864,165000000,0,100,1400000
35518,271418,825000000,0,100,1400000
399,13986,413000000,0,100,1400000
25989,374679,413000000,0,100,1400000
25989,374679,413000000,0,91,1300000
36359,11890548,825000000,0,80,1100000
36359,11890548,825000000,0,63,1000000
36359,11890548,825000000,0,45,700000
217041,405054,825000000,0,45,700000
324281,566816,825000000,0,37,600000
772713,1248377,825000000,0,25,500000
414927,625450,825000000,0,37,600000
735511,1053044,825000000,0,32,600000
604815,824721,825000000,0,30,600000
400247,546370,825000000,0,40,700000
400247,546370,825000000,0,24,500000
400247,546370,825000000,0,35,700000
400247,546370,825000000,0,30,600000
400247,546370,825000000,0,42,700000
400247,546370,825000000,0,30,600000
400247,546370,825000000,0,48,800000
400247,546370,825000000,0,39,700000
400247,546370,825000000,0,35,600000
400247,546370,825000000,0,30,600000
400247,546370,825000000,0,49,800000
400247,546370,825000000,0,41,700000
400247,546370,825000000,0,31,600000
400247,546370,825000000,0,49,800000
400247,546370,825000000,0,47,800000
8710306,12652999,825000000,0,51,1000000
361389,684971,825000000,0,70,1000000
581250,1426140,825000000,0,76,1100000
112339,438015,825000000,0,84,1200000
315126,1544162,825000000,0,88,1300000
27461,181824,413000000,0,100,1400000
1854,49358,413000000,0,91,1300000
77644,406384,413000000,0,75,1100000
161786,469556,825000000,0,68,1000000
191931,407046,825000000,0,54,800000
238657,438363,825000000,0,66,1000000
238657,438363,825000000,0,48,800000
863121,1448230,825000000,0,41,700000
304272,436562,825000000,0,32,600000
307120,436394,825000000,0,37,600000
137986,438167,825000000,0,76,1100000
674520,937078,825000000,0,41,700000
674520,937078,825000000,0,17,400000
293428,393705,825000000,0,25,500000
869901,1198704,825000000,0,31,600000
367064,484378,825000000,0,39,700000
37411,529329,825000000,0,37,600000
296061,405115,825000000,0,31,600000
296061,405115,825000000,0,30,600000
296061,405115,825000000,0,29,500000
296061,405115,825000000,0,47,800000
154269,2875139,825000000,0,48,800000
319329,500933,825000000,0,57,900000
49331,180378,825000000,0,51,800000
306083,500663,825000000,0,65,1000000
389804,671092,825000000,0,61,900000
247223,457484,825000000,0,46,800000
46822,206100,825000000,0,53,1000000
203255,405874,825000000,0,61,1000000
196739,539035,825000000,0,75,1100000
90472,396301,825000000,0,80,1200000
86323,405911,825000000,0,90,1300000
1585,41777,413000000,0,100,1400000
547,41285,825000000,0,100,1400000
715,40793,825000000,0,100,1400000
750524,14495961,825000000,0,69,1000000
6751,149816,825000000,0,100,1400000
2707,76894,413000000,0,100,1400000
685,15616,543000000,0,100,1400000
685,15616,543000000,0,100,1400000
685,15616,543000000,0,100,1400000
685,15616,543000000,0,100,1400000
685,15616,543000000,0,100,1400000
685,15616,543000000,0,100,1400000
685,15616,543000000,0,100,1400000
685,15616,543000000,0,100,1400000
685,15616,543000000,0,100,1400000
685,15616,543000000,0,89,1300000
17071,581762,413000000,0,84,1200000
215520,1115353,825000000,0,65,1000000
215520,1115353,825000000,0,51,800000
766938,1752791,825000000,0,49,800000
766938,1752791,825000000,0,60,900000
823484,1414317,825000000,0,45,600000
823484,1414317,825000000,0,31,600000
1171649,1720228,825000000,0,49,800000
995148,1388682,825000000,0,49,800000
995148,1388682,825000000,0,46,800000
995148,1388682,825000000,0,33,600000
308472,406114,825000000,0,37,600000
556157,751072,825000000,0,33,600000
556157,751072,825000000,0,34,600000
556157,751072,825000000,0,32,700000
1508686,2046520,825000000,0,41,700000
365571,500180,825000000,0,37,600000
365571,500180,825000000,0,38,700000
936504,1343464,825000000,0,31,600000
936504,1343464,825000000,0,35,600000
936504,1343464,825000000,0,33,600000
1470092,2203208,825000000,0,62,900000
1470092,2203208,825000000,0,64,1000000
1413433,2359096,825000000,0,49,800000
1413433,2359096,825000000,0,44,700000
1413433,2359096,825000000,0,55,900000
283612,1418295,825000000,0,70,1000000
418559,1203354,825000000,0,78,1100000
418559,1203354,825000000,0,88,1300000
418559,1203354,825000000,0,100,1400000
418559,1203354,825000000,0,89,1300000
82054,485045,825000000,0,78,1100000
82054,485045,825000000,0,57,900000
334315,1093506,825000000,0,42,700000
334315,1093506,825000000,0,53,800000
955807,1892765,825000000,0,54,800000
669376,1107516,825000000,0,37,600000
280713,421981,825000000,0,41,700000
280713,421981,825000000,0,28,700000
1137908,1625065,825000000,0,36,600000
312790,437784,825000000,0,37,600000
288741,405882,825000000,0,37,600000
84650,283412,825000000,0,34,600000
297341,404111,825000000,0,34,600000
463826,650358,825000000,0,42,700000
309774,433725,825000000,0,25,500000
11699,270570,825000000,0,43,700000
508502,725041,825000000,0,33,600000
508502,725041,825000000,0,38,700000
508502,725041,825000000,0,37,600000
1884341,2628603,825000000,0,40,700000
368035,543108,825000000,0,34,600000
368035,543108,825000000,0,24,500000
368035,543108,825000000,0,33,600000
1748294,2753654,825000000,0,37,600000
234538,405055,825000000,0,48,800000
527538,954207,825000000,0,58,900000
199756,405029,825000000,0,62,900000
199756,405029,825000000,0,81,1200000
668289,1625517,825000000,0,77,1200000
125723,386833,825000000,0,90,1300000
63115,687631,413000000,0,100,1400000
14018,198182,825000000,0,100,1400000
16559,142270,825000000,0,100,1400000
1352480,15436757,275000000,0,14,400000
6594,170509,825000000,0,100,1400000
6919,171746,543000000,0,100,1400000
6919,171746,543000000,0,100,1400000
4321,125186,413000000,0,100,1400000
1098008,12370081,413000000,0,100,1400000
1239348,13180993,413000000,0,100,1400000
7838,176267,275000000,0,100,1400000
1247,76364,206000000,0,100,1400000
864860,6687665,825000000,0,100,1400000
864860,6687665,825000000,0,100,1400000
863184,15413597,543000000,0,100,1400000
1032,27054,413000000,0,100,1400000
18149,175216,825000000,0,88,1300000
173896,927019,825000000,0,74,1000000
173896,927019,825000000,0,44,700000
415938,1098137,825000000,0,56,900000
36271,193264,825000000,0,42,700000
240974,405714,825000000,0,48,800000
540876,844178,825000000,0,32,600000
291833,402173,825000000,0,37,600000
282888,406733,825000000,0,33,600000
282888,406733,825000000,0,34,600000
281267,397598,825000000,0,34,600000
320379,452570,825000000,0,36,600000
320379,452570,825000000,0,35,600000
295677,396464,825000000,0,32,500000
273295,406713,825000000,0,33,600000
292854,413121,825000000,0,42,700000
478233,657382,825000000,0,48,800000
294120,422280,825000000,0,39,700000
273548,406186,825000000,0,51,800000
302285,422668,825000000,0,51,800000
263235,406591,825000000,0,43,700000
258451,406789,825000000,0,29,500000
363557,572271,825000000,0,26,500000
32737,335047,825000000,0,58,900000
397508,677341,825000000,0,44,700000
345250,642038,825000000,0,60,900000
271772,554017,825000000,0,70,1000000
428038,1045993,825000000,0,78,1000000
99838,437901,825000000,0,81,1200000
105871,468797,825000000,0,85,1200000
176568,1079049,543000000,0,100,1400000
176568,1079049,543000000,0,90,1300000
50968,306075,825000000,0,75,1100000
151199,812884,825000000,0,62,900000
391491,1124982,825000000,0,59,900000
313152,608975,825000000,0,45,700000
313152,608975,825000000,0,32,600000
313152,608975,825000000,0,37,600000
1199535,2003518,825000000,0,44,700000
739536,1090739,825000000,0,50,800000
282990,404983,825000000,0,37,600000
728396,985629,825000000,0,33,600000
304470,407282,825000000,0,22,500000
316260,439878,825000000,0,32,600000
759541,1060267,825000000,0,36,600000
759541,1060267,825000000,0,34,600000
73429,2049341,825000000,0,39,700000
73429,2049341,825000000,0,24,500000
73429,2049341,825000000,0,36,600000
73429,2049341,825000000,0,34,600000
73429,2049341,825000000,0,34,600000
73429,2049341,825000000,0,35,600000
73429,2049341,825000000,0,49,800000
4080932,5843891,825000000,0,61,900000
4080932,5843891,825000000,0,53,800000
4080932,5843891,825000000,0,44,700000
4080932,5843891,825000000,0,52,800000
4080932,5843891,825000000,0,67,900000
2582310,4765821,825000000,0,70,1000000
2582310,4765821,825000000,0,83,1200000
2582310,4765821,825000000,0,82,1200000
613108,2671091,825000000,0,90,1300000
613108,2671091,825000000,0,100,1400000
613108,2671091,825000000,0,100,1400000
613108,2671091,825000000,0,17,400000
50969,3124326,825000000,0,100,1400000
15102,163775,825000000,0,100,1400000
15102,163775,825000000,0,100,1400000
15102,163775,825000000,0,100,1400000
15102,163775,825000000,0,100,1400000
15102,163775,825000000,0,100,1400000
15102,163775,825000000,0,100,1400000
15102,163775,825000000,0,100,1400000
15102,163775,825000000,0,100,1400000
15102,163775,825000000,0,100,1400000
13069,749873,206000000,0,100,1400000
13069,749873,206000000,0,100,1400000
13069,749873,206000000,0,100,1400000
13069,749873,825000000,0,89,1300000
50832,174175,413000000,0,79,1200000
166315,733862,825000000,0,58,900000
236391,517005,825000000,0,51,800000
236391,517005,825000000,0,46,800000
945080,1733528,825000000,0,56,900000
945080,1733528,825000000,0,42,700000
750245,1151688,825000000,0,29,500000
750245,1151688,825000000,0,47,800000
750245,1151688,825000000,0,24,500000
1969885,2779083,825000000,0,37,600000
1969885,2779083,825000000,0,52,800000
1969885,2779083,825000000,0,45,500000
1990030,2700844,825000000,0,29,500000
412119,562935,825000000,0,43,700000
479486,686978,825000000,0,43,700000
479486,686978,825000000,0,38,700000
479486,686978,825000000,0,26,500000
479486,686978,825000000,0,43,700000
2463765,3463575,825000000,0,34,600000
705483,1037910,825000000,0,46,800000
347433,530766,825000000,0,42,700000
333650,515913,825000000,0,26,500000
333650,515913,825000000,0,31,600000
333650,515913,825000000,0,46,800000
333650,515913,825000000,0,49,800000
333650,515913,825000000,0,69,1000000
2351855,4174360,825000000,0,59,900000
416116,1122497,825000000,0,85,1200000
416116,1122497,825000000,0,79,1100000
416116,1122497,825000000,0,90,1300000
416116,1122497,825000000,0,93,1300000
15176,344786,543000000,0,76,1100000
15176,344786,543000000,0,65,1000000
140660,394194,825000000,0,78,900000
140660,394194,825000000,0,76,1100000
140660,394194,825000000,0,46,800000
1272775,2507331,825000000,0,27,500000
534807,837383,825000000,0,35,600000
534807,837383,825000000,0,34,600000
534807,837383,825000000,0,32,600000
534807,837383,825000000,0,36,600000
2370236,3381928,825000000,0,25,600000
2370236,3381928,825000000,0,43,700000
2370236,3381928,825000000,0,35,600000
295581,406148,825000000,0,28,500000
787003,1092729,825000000,0,33,600000
359348,512186,825000000,0,30,600000
359348,512186,825000000,0,30,600000
359348,512186,825000000,0,48,600000
1985521,2782909,825000000,0,35,600000
316590,462669,825000000,0,41,700000
269730,397032,825000000,0,43,700000
269730,397032,825000000,0,30,600000
269730,397032,825000000,0,53,800000
2071993,3360769,825000000,0,48,800000
266620,467967,825000000,0,50,800000
266620,467967,825000000,0,69,1000000
266620,467967,825000000,0,65,1000000
190219,562644,825000000,0,84,1100000
39844,180354,825000000,0,85,1200000
39163,193203,825000000,0,94,1300000
23274,161585,825000000,0,93,1300000
7603,180405,825000000,0,100,1400000
24455,657241,825000000,0,100,1400000
12497,335098,825000000,0,10,500000
0,468616,825000000,0,13,300000
0,468616,825000000,0,11,300000
0,468616,825000000,0,14,300000
2705,205374,165000000,0,15,300000
2705,205374,165000000,0,15,300000
2705,205374,165000000,0,9,300000
725,41448,206000000,0,4,400000
21055,375146,206000000,0,6,300000
860424,7400497,206000000,0,5,200000
860424,7400497,206000000,0,9,300000
860424,7400497,206000000,0,5,300000
860424,7400497,206000000,0,4,300000
131111,1126224,413000000,0,12,400000
131111,1126224,413000000,0,11,300000
722028,7750969,413000000,0,9,300000
458,13976,413000000,0,5,300000
846,30495,413000000,0,4,300000
846,30495,413000000,0,5,300000
846,30495,413000000,0,5,300000
846,30495,413000000,0,9,300000
382,13930,413000000,0,5,300000
382,13930,413000000,0,4,300000
2734,119976,275000000,0,6,200000
248,20713,825000000,0,12,300000
122152,1745740,206000000,0,5,300000
671544,5768017,206000000,0,6,300000
690244,5757669,206000000,0,3,800000
3543,90158,413000000,0,11,300000
3543,90158,413000000,0,12,300000
3543,90158,413000000,0,11,300000
3543,90158,413000000,0,13,400000
1401172,14868085,413000000,0,19,400000
808864,11538477,413000000,0,11,400000
808864,11538477,413000000,0,8,300000
808864,11538477,413000000,0,11,400000
808864,11538477,413000000,0,12,300000
808864,11538477,413000000,0,11,300000
808864,11538477,413000000,0,12,300000
808864,11538477,413000000,0,13,300000
9348,363783,275000000,0,12,400000
9348,363783,275000000,0,9,300000
9348,363783,275000000,0,10,300000
9348,363783,275000000,0,10,300000
9348,363783,275000000,0,12,300000
9348,363783,275000000,0,12,400000
9348,363783,275000000,0,27,300000
9348,363783,275000000,0,11,300000
9348,363783,275000000,0,11,300000
9348,363783,275000000,0,10,300000
9348,363783,275000000,0,10,300000
9348,363783,275000000,0,8,300000
9348,363783,275000000,0,12,300000
9348,363783,275000000,0,11,300000
14692,206925,413000000,0,11,300000
21201,301106,275000000,0,10,300000
685,19933,413000000,0,9,300000
1628,77141,275000000,0,12,300000
7613,135855,543000000,0,10,300000
886808,15642753,206000000,0,8,300000
886808,15642753,206000000,0,10,500000
10949,151285,413000000,0,7,300000
10949,151285,413000000,0,10,300000
10949,151285,413000000,0,9,300000
10949,151285,413000000,0,32,600000
10949,151285,413000000,0,12,300000
10949,151285,413000000,0,15,400000
173942,2481359,275000000,0,10,300000
173942,2481359,275000000,0,9,400000
2276,64497,413000000,0,10,300000
2276,64497,413000000,0,8,300000
2276,64497,413000000,0,11,300000
2276,64497,413000000,0,8,300000
2276,64497,413000000,0,11,300000
2276,64497,413000000,0,10,300000
2276,64497,413000000,0,10,300000
8443,386163,275000000,0,33,500000
525,13924,413000000,0,10,300000
525,13924,413000000,0,8,300000
525,13924,413000000,0,7,300000
3862,178889,275000000,0,11,300000
3862,178889,275000000,0,10,300000
3862,178889,275000000,0,10,300000
3862,178889,275000000,0,17,300000
4747,150932,413000000,0,9,300000
4747,150932,413000000,0,12,300000
4747,150932,413000000,0,14,300000
4747,150932,413000000,0,9,400000
4747,150932,413000000,0,11,300000
4747,150932,413000000,0,11,300000
4747,150932,413000000,0,12,300000
497,18279,413000000,0,12,300000
497,18279,413000000,0,8,300000
55760,783416,275000000,0,10,300000
21866,232421,413000000,0,10,300000
22073,313734,275000000,0,12,300000
24765,266454,413000000,0,10,300000
23901,338911,206000000,0,12,400000
23901,338911,206000000,0,58,800000
23901,338911,206000000,0,12,300000
23901,338911,206000000,0,10,300000
23901,338911,206000000,0,10,300000
5789,149722,413000000,0,8,300000
5789,149722,413000000,0,11,300000
5789,149722,413000000,0,10,300000
5789,149722,413000000,0,10,300000
5789,149722,275000000,0,9,300000
5264,232794,275000000,0,10,300000
21185,300565,413000000,0,10,300000
21185,300565,413000000,0,47,800000
57456,817229,275000000,0,5,300000
57456,817229,275000000,0,12,300000
2984,79017,413000000,0,33,600000
898944,11285497,413000000,0,23,500000
898944,11285497,413000000,0,25,500000
654,20969,413000000,0,11,400000
1176,33901,413000000,0,11,300000
1176,33901,413000000,0,10,300000
1176,33901,413000000,0,11,300000
1176,33901,413000000,0,11,300000
1176,33901,413000000,0,9,300000
1176,33901,413000000,0,15,300000
1176,33901,413000000,0,9,400000
1176,33901,413000000,0,11,300000
1176,33901,413000000,0,12,300000
1176,33901,413000000,0,11,300000
1176,33901,413000000,0,10,300000
1176,33901,413000000,0,10,300000
1176,33901,413000000,0,11,300000
1176,33901,413000000,0,12,300000
1176,33901,413000000,0,12,300000
1176,33901,413000000,0,10,300000
1176,33901,413000000,0,11,300000
1176,33901,413000000,0,11,300000
1176,33901,413000000,0,11,300000
1176,33901,413000000,0,11,300000
1176,33901,413000000,0,10,300000
1176,33901,413000000,0,8,500000
1176,33901,413000000,0,15,300000
1176,33901,413000000,0,11,400000
1176,33901,413000000,0,10,300000
1176,33901,413000000,0,12,300000
1176,33901,413000000,0,15,400000
1176,33901,413000000,0,10,300000
32400,1421286,275000000,0,32,600000
32400,1421286,275000000,0,8,400000
722592,7746333,413000000,0,9,300000
1152836,16248097,275000000,0,11,300000
1152836,16248097,275000000,0,10,300000
1152836,16248097,275000000,0,10,300000
1152836,16248097,275000000,0,12,300000
1152836,16248097,275000000,0,16,400000
1152836,16248097,275000000,0,9,300000
1152836,16248097,275000000,0,8,300000
1152836,16248097,275000000,0,10,300000
1152836,16248097,275000000,0,12,300000
1152836,16248097,275000000,0,10,300000
1152836,16248097,275000000,0,12,300000
12723,411460,413000000,0,7,300000
12723,411460,413000000,0,10,300000
2553,115921,275000000,0,13,400000
2553,115921,275000000,0,9,300000
2553,115921,275000000,0,10,300000
2553,115921,275000000,0,10,300000
2553,115921,275000000,0,11,300000
2553,115921,275000000,0,12,300000
815488,11545841,413000000,0,12,300000
815488,11545841,413000000,0,8,300000
815488,11545841,413000000,0,11,300000
815488,11545841,413000000,0,10,300000
815488,11545841,413000000,0,9,300000
815488,11545841,413000000,0,13,300000
815488,11545841,413000000,0,10,300000
815488,11545841,413000000,0,8,300000
815488,11545841,413000000,0,13,400000
10054,441253,275000000,0,9,400000
10054,441253,275000000,0,12,300000
10054,441253,275000000,0,11,300000
10054,441253,275000000,0,10,300000
10054,441253,275000000,0,10,300000
10054,441253,275000000,0,10,300000
10054,441253,275000000,0,11,300000
10054,441253,275000000,0,10,300000
10054,441253,275000000,0,12,300000
10054,441253,275000000,0,10,300000
10054,441253,275000000,0,10,300000
10054,441253,275000000,0,10,300000
10054,441253,275000000,0,10,300000
10054,441253,275000000,0,9,300000
16452,527985,413000000,0,10,300000
964,39285,275000000,0,9,300000
1553,52635,413000000,0,10,300000
1553,52635,413000000,0,10,300000
1553,52635,413000000,0,10,300000
1553,52635,413000000,0,10,300000
1553,52635,413000000,0,10,300000
6060,262754,275000000,0,10,500000
776,38467,275000000,0,10,300000
776,38467,275000000,0,9,300000
776,38467,275000000,0,10,300000
776,38467,275000000,0,31,600000
776,38467,275000000,0,9,300000
776,38467,275000000,0,10,1100000
776,38467,275000000,0,9,400000
776,38467,275000000,0,37,600000
9139,270719,413000000,0,10,300000
9139,270719,413000000,0,9,300000
9139,270719,413000000,0,41,700000
9139,270719,413000000,0,11,300000
9139,270719,413000000,0,8,300000
9139,270719,413000000,0,10,300000
9139,270719,413000000,0,10,300000
9139,270719,413000000,0,37,400000
1072220,9381353,413000000,0,24,500000
986903,11793481,413000000,0,27,500000
966,25830,413000000,0,15,400000
543,14010,413000000,0,34,600000
650695,5901585,825000000,0,10,300000
20182,535707,413000000,0,12,300000
691,13976,543000000,0,11,300000
9301,166773,413000000,0,11,300000
1089300,11574325,275000000,0,13,400000
30400,321791,413000000,0,14,400000
30400,321791,413000000,0,9,300000
30400,321791,413000000,0,10,300000
30400,321791,413000000,0,10,300000
30400,321791,413000000,0,9,300000
30400,321791,413000000,0,44,700000
7169,308729,275000000,0,14,400000
1190,37084,413000000,0,14,400000
1400380,14915921,413000000,0,12,300000
610,20740,413000000,0,9,300000
610,20740,413000000,0,14,500000
13365,137477,275000000,0,10,300000
1172740,14041133,413000000,0,22,500000
33945,432642,543000000,0,24,500000
33945,432642,543000000,0,25,500000
988120,15192873,543000000,0,28,500000
6049,190740,413000000,0,10,300000
485,21768,275000000,0,14,400000
794,21520,413000000,0,4,400000
794,21520,413000000,0,4,200000
1043948,14864593,413000000,0,11,300000
685349,7694929,413000000,0,8,300000
660,27208,275000000,0,11,300000
1516,47297,413000000,0,9,300000
1516,47297,413000000,0,9,400000
1516,47297,413000000,0,12,300000
509,13932,413000000,0,11,400000
1171160,16495301,413000000,0,4,300000
1171160,16495301,413000000,0,5,300000
1171160,16495301,413000000,0,11,200000
1171160,16495301,413000000,0,3,200000
1171160,16495301,413000000,0,3,200000
1171160,16495301,413000000,0,5,200000
1171160,16495301,413000000,0,9,400000
1171160,16495301,413000000,0,8,400000
1171160,16495301,413000000,0,11,300000
11249,453368,413000000,0,13,400000
18893,266835,275000000,0,9,400000
18893,266835,275000000,0,8,300000
1909,54310,413000000,0,15,400000
1909,54310,413000000,0,12,300000
1909,54310,413000000,0,8,300000
1909,54310,413000000,0,13,400000
1909,54310,413000000,0,11,300000
1909,54310,413000000,0,9,300000
1909,54310,413000000,0,24,500000
854,23610,413000000,0,11,300000
854,23610,413000000,0,14,400000
854,23610,413000000,0,9,300000
854,23610,413000000,0,12,300000
854,23610,413000000,0,10,300000
4992,213577,275000000,0,12,300000
1539,53720,413000000,0,15,400000
1539,53720,413000000,0,12,300000
1539,53720,413000000,0,11,300000
1539,53720,413000000,0,11,300000
1539,53720,413000000,0,8,300000
1539,53720,413000000,0,13,400000
7647,328115,275000000,0,12,300000
7647,328115,275000000,0,14,300000
7647,328115,275000000,0,9,300000
7647,328115,275000000,0,13,400000
7647,328115,275000000,0,14,300000
7647,328115,275000000,0,13,300000
7647,328115,275000000,0,14,400000
7647,328115,275000000,0,11,300000
7647,328115,275000000,0,10,300000
7647,328115,275000000,0,17,300000
11114,347484,413000000,0,11,300000
1041248,11020269,275000000,0,11,300000
1041248,11020269,275000000,0,11,300000
47127,501867,413000000,0,10,400000
47127,501867,413000000,0,11,300000
12556,133412,275000000,0,9,300000
11033,152911,413000000,0,5,300000
462,10482,543000000,0,5,200000
736548,7681221,275000000,0,6,300000
6298,149957,165000000,0,5,300000
1102,24571,543000000,0,6,300000
770432,9943221,206000000,0,6,300000
786952,8832857,413000000,0,5,300000
724316,7689449,275000000,0,18,400000
749473,9935821,413000000,0,6,200000
729704,7694277,275000000,0,6,300000
1387872,14766349,543000000,0,6,300000
769224,9955225,413000000,0,7,300000
769224,9955225,413000000,0,5,400000
672,19360,413000000,0,6,300000
708,23933,413000000,0,4,300000
1791,82335,275000000,0,5,200000
1791,82335,275000000,0,4,200000
2108,63884,413000000,0,3,200000
2108,63884,413000000,0,8,200000
1222212,15479245,825000000,0,27,500000
885180,12201153,543000000,0,26,500000
1020,37136,413000000,0,26,500000
868504,6609917,825000000,0,5,300000
603,12968,543000000,0,5,300000
780636,5930681,825000000,0,7,300000
452,11284,543000000,0,8,300000
622,16121,413000000,0,5,300000
1028668,14470969,206000000,0,4,200000
7848,139419,275000000,0,7,300000
849,26899,413000000,0,4,200000
776329,7729097,275000000,0,5,300000
776329,7729097,275000000,0,5,300000
677256,7811597,543000000,0,4,300000
1264800,11417333,206000000,0,5,300000
521,10467,543000000,0,5,300000
521,10467,543000000,0,5,300000
2862,148974,206000000,0,8,600000
1061,29011,275000000,0,9,300000
668,13939,543000000,0,4,200000
1629646,13656173,825000000,0,5,200000
383,10493,413000000,0,22,500000
950756,11544641,413000000,0,28,500000
886152,11565361,413000000,0,22,700000
834088,11544037,413000000,0,7,300000
834088,11544037,413000000,0,5,300000
49881,726591,275000000,0,6,300000
1077,26357,165000000,0,5,300000
579328,4602537,165000000,0,4,300000
1389096,10624865,543000000,0,5,300000
1028,42856,275000000,0,5,300000
1161,38691,413000000,0,6,300000
1370,52203,275000000,0,6,300000
1381,50516,413000000,0,5,300000
408,20950,206000000,0,11,200000
931418,15543245,543000000,0,5,300000
29112,520562,206000000,0,5,300000
620,39671,165000000,0,5,300000
1113,70937,165000000,0,7,300000
1961284,14938181,825000000,0,5,200000
1924,151801,165000000,0,7,200000
1789982,13503753,543000000,0,21,200000
517,20760,275000000,0,7,200000
580412,4608937,825000000,0,6,300000
682964,6204733,413000000,0,16,400000
582,13969,543000000,0,6,200000
582,13969,543000000,0,6,300000
1828,92898,206000000,0,51,800000
1004,25811,413000000,0,5,300000
1648,74549,543000000,0,4,200000
733190,5750237,206000000,0,6,300000
9437,164047,825000000,0,6,300000
9437,164047,825000000,0,8,200000
1211262,9042281,543000000,0,7,300000
1211262,9042281,543000000,0,7,300000
1211262,9042281,543000000,0,4,200000
1211262,9042281,543000000,0,3,200000
1211262,9042281,543000000,0,5,300000
1211262,9042281,543000000,0,7,300000
526,27028,206000000,0,14,400000
858720,15182517,543000000,0,9,300000
793344,11071181,413000000,0,5,300000
678736,7213653,275000000,0,5,200000
583902,4619761,165000000,0,6,300000
583902,4619761,165000000,0,12,300000
583902,4619761,165000000,0,14,300000
583902,4619761,165000000,0,10,300000
583902,4619761,165000000,0,13,300000
583902,4619761,165000000,0,11,400000
167189,1278718,543000000,0,11,300000
1707,87364,206000000,0,10,400000
1282,27759,543000000,0,8,300000
1282,27759,543000000,0,10,300000
1282,27759,543000000,0,10,300000
3530,193459,206000000,0,14,300000
3530,193459,206000000,0,12,300000
3530,193459,206000000,0,9,300000
3530,193459,206000000,0,11,300000
3530,193459,206000000,0,12,300000
3530,193459,206000000,0,16,400000
3530,193459,206000000,0,9,300000
3530,193459,206000000,0,10,400000
3530,193459,206000000,0,11,400000
3530,193459,206000000,0,12,300000
3530,193459,206000000,0,10,300000
3530,193459,206000000,0,9,300000
14440,352121,543000000,0,17,300000
363,12492,413000000,0,9,400000
827,24669,413000000,0,10,400000
827,24669,413000000,0,11,300000
3212,142818,275000000,0,11,300000
776,22519,413000000,0,7,300000
776,22519,413000000,0,17,400000
776,22519,413000000,0,9,300000
776,22519,275000000,0,8,300000
24524,262712,413000000,0,12,300000
24524,262712,413000000,0,9,300000
1888,74840,825000000,0,27,500000
1888,74840,825000000,0,10,300000
3787,202118,206000000,0,10,300000
1200932,10706929,206000000,0,11,400000
1251176,10702853,206000000,0,11,400000
1251004,10698685,206000000,0,19,300000
744280,6595061,543000000,0,8,300000
744280,6595061,543000000,0,11,300000
744280,6595061,543000000,0,24,500000
744280,6595061,543000000,0,11,300000
744280,6595061,543000000,0,8,300000
744280,6595061,543000000,0,8,300000
7950,426808,206000000,0,10,300000
7950,426808,206000000,0,12,300000
7950,426808,206000000,0,9,300000
7950,426808,206000000,0,12,300000
7950,426808,206000000,0,12,300000
6780,160985,543000000,0,11,300000
6780,160985,543000000,0,9,300000
6780,160985,543000000,0,23,600000
7169,172026,825000000,0,33,600000
27502,348536,825000000,0,36,600000
7825,184567,825000000,0,29,500000
63486,1460801,275000000,0,23,900000
1110624,9951929,825000000,0,9,600000
1196700,9974017,206000000,0,13,300000
35487,302246,543000000,0,12,300000
35487,302246,543000000,0,10,600000
442,16093,413000000,0,9,300000
442,16093,413000000,0,8,300000
442,16093,413000000,0,8,300000
442,16093,413000000,0,9,300000
442,16093,413000000,0,11,300000
442,16093,413000000,0,11,300000
442,16093,413000000,0,8,300000
442,16093,413000000,0,12,300000
442,16093,413000000,0,12,300000
442,16093,413000000,0,9,300000
442,16093,413000000,0,9,300000
442,16093,413000000,0,13,300000
442,16093,413000000,0,8,300000
442,16093,413000000,0,10,300000
442,16093,413000000,0,10,300000
442,16093,413000000,0,11,600000
610,17687,413000000,0,12,300000
1132,48226,275000000,0,19,300000
1132,48226,275000000,0,13,400000
2525,75156,413000000,0,9,300000
926,33016,413000000,0,25,400000
1100,49265,275000000,0,21,500000
47542,356913,825000000,0,8,300000
6874,158338,543000000,0,9,300000
11563,305903,825000000,0,11,300000
9588,253385,543000000,0,11,300000
9588,253385,543000000,0,12,300000
6401,176549,825000000,0,12,400000
10588,283989,825000000,0,8,300000
10588,283989,825000000,0,11,300000
74237,1907192,825000000,0,8,300000
74237,1907192,825000000,0,13,300000
58085,1430556,825000000,0,8,300000
4985,99913,543000000,0,14,400000
16596,297222,825000000,0,12,300000
1705664,15227437,543000000,0,66,1000000
11269,309733,825000000,0,7,300000
11269,309733,825000000,0,12,300000
11269,309733,825000000,0,10,300000
11269,309733,825000000,0,13,300000
11269,309733,825000000,0,12,300000
19812,402897,543000000,0,9,300000
11873,189521,825000000,0,15,400000
7017,180347,825000000,0,9,300000
6986,159309,275000000,0,7,500000
1375364,12954541,825000000,0,10,300000
1159448,9947653,165000000,0,11,300000
419,10506,413000000,0,13,400000
651,14004,543000000,0,8,300000
651,14004,543000000,0,11,300000
2838,148039,206000000,0,25,300000
1035028,14980085,413000000,0,26,300000
1035028,14980085,413000000,0,12,300000
1035028,14980085,413000000,0,9,400000
13385,141089,413000000,0,8,300000
562,20732,413000000,0,10,300000
562,20732,413000000,0,9,300000
774428,8266241,275000000,0,10,300000
774428,8266241,275000000,0,10,300000
61679,661887,413000000,0,10,400000
378,21761,206000000,0,10,300000
10075,257545,825000000,0,10,400000
10075,257545,825000000,0,12,300000
56876,1524196,165000000,0,14,400000
680,53178,165000000,0,16,300000
680,53178,165000000,0,21,500000
2226,45517,543000000,0,25,500000
1631,79783,275000000,0,13,300000
1631,79783,275000000,0,14,400000
8991,133375,413000000,0,28,500000
13998,197291,275000000,0,5,300000
12903,182826,275000000,0,11,300000
978632,13766089,413000000,0,8,300000
978632,13766089,413000000,0,8,300000
2890,128814,275000000,0,15,400000
810220,15241489,165000000,0,23,500000
8919,193770,275000000,0,25,500000
1033160,9349393,825000000,0,35,500000
1033160,9349393,825000000,0,13,400000
1033160,9349393,825000000,0,11,300000
1033160,9349393,825000000,0,11,300000
1033160,9349393,825000000,0,11,300000
8193,521715,165000000,0,12,300000
1082182,8009765,165000000,0,12,300000
1082182,8009765,165000000,0,13,400000
1082182,8009765,165000000,0,11,300000
85329,657492,543000000,0,10,300000
85329,657492,543000000,0,8,300000
85329,657492,543000000,0,9,300000
818583,7056493,206000000,0,15,400000
20664,176954,206000000,0,12,300000
20664,176954,206000000,0,10,400000
74098,634166,543000000,0,10,300000
14578,258980,275000000,0,10,400000
14578,258980,275000000,0,10,400000
1872,56992,413000000,0,15,400000
676610,7719045,275000000,0,50,700000
1408796,14880517,543000000,0,22,500000
1408796,14880517,543000000,0,40,700000
1408796,14880517,543000000,0,6,300000
1408796,14880517,543000000,0,5,300000
1408796,14880517,543000000,0,6,300000
1408796,14880517,543000000,0,6,300000
1408796,14880517,543000000,0,6,300000
767131,8300629,275000000,0,100,1400000
23172,248503,825000000,0,100,1400000
1916,66815,413000000,0,100,1400000
1916,66815,413000000,0,100,1400000
3973,119413,413000000,0,100,1400000
906000,13095937,275000000,0,100,1400000
907460,8245877,825000000,0,100,1400000
907460,8245877,825000000,0,100,1400000
907460,8245877,825000000,0,100,1400000
747652,6255781,413000000,0,100,1400000
13071,161747,543000000,0,100,1400000
2952,106984,413000000,0,100,1400000
2952,106984,413000000,0,100,1400000
52944,748536,825000000,0,94,1300000
8447,193180,825000000,0,92,1300000
38741,148758,413000000,0,88,1300000
152772,1269156,825000000,0,90,1300000
4115,107015,413000000,0,100,1400000
927808,9888397,275000000,0,100,1400000
21897,1531111,825000000,0,100,1400000
1161,41886,413000000,0,92,1300000
145501,2328741,413000000,0,88,1300000
113711,873707,825000000,0,88,1300000
113711,873707,825000000,0,100,1400000
113711,873707,825000000,0,100,1400000
113711,873707,825000000,0,100,1400000
1148969,14093625,275000000,0,99,1400000
0,406058,825000000,0,5,300000
1772,137747,165000000,0,3,300000
387,40677,165000000,0,14,400000
93999,1798715,825000000,0,13,400000
2175,163506,165000000,0,12,400000
2175,163506,165000000,0,9,400000
2344,48737,543000000,0,11,400000
1233,51072,275000000,0,13,400000
19011,210901,413000000,0,12,300000
19011,210901,413000000,0,11,300000
19011,210901,413000000,0,11,300000
19011,210901,413000000,0,13,400000
19011,210901,413000000,0,10,300000
19011,210901,413000000,0,11,300000
7657,329706,275000000,0,9,300000
7657,329706,275000000,0,10,300000
7657,329706,275000000,0,12,300000
7657,329706,275000000,0,12,300000
7657,329706,275000000,0,11,300000
7657,329706,275000000,0,10,500000
7657,329706,275000000,0,17,300000
608,24694,275000000,0,11,300000
608,24694,275000000,0,13,400000
608,24694,275000000,0,10,300000
608,24694,275000000,0,10,400000
4774,145063,413000000,0,11,300000
4774,145063,413000000,0,11,300000
2204,98188,275000000,0,12,300000
997126,10427253,275000000,0,9,300000
797635,7818033,825000000,0,11,300000
797635,7818033,825000000,0,13,300000
797635,7818033,825000000,0,12,400000
9768,367711,275000000,0,12,400000
1407540,14938021,825000000,0,11,700000
7232,180517,825000000,0,18,400000
2486516,11652741,413000000,0,20,400000
62015,393387,825000000,0,18,500000
58040,449276,543000000,0,8,300000
7223,180192,825000000,0,20,400000
1378,53081,275000000,0,17,400000
75897,414002,825000000,0,16,400000
1264,29252,543000000,0,7,300000
667452,5757537,825000000,0,6,300000
6915,180329,825000000,0,5,200000
827,28399,413000000,0,5,300000
697680,8282541,825000000,0,7,300000
866072,12382033,413000000,0,4,200000
17460,311055,413000000,0,10,300000
9439,180924,825000000,0,10,300000
19292,180072,825000000,0,28,1100000
49274,152168,543000000,0,52,400000
26528,167808,413000000,0,61,900000
880448,15199857,543000000,0,6,300000
18993,180274,825000000,0,18,400000
62978,406051,825000000,0,16,400000
3191912,15182417,543000000,0,24,400000
6342,171571,275000000,0,13,400000
832172,12383433,825000000,0,10,300000
6911,180394,825000000,0,5,300000
832,20959,413000000,0,4,200000
898048,15779477,413000000,0,5,200000
841888,14966465,413000000,0,3,300000
1388,28390,543000000,0,9,300000
4811,5921977,825000000,0,17,400000
2963464,13142561,543000000,0,14,400000
78672,406119,825000000,0,16,400000
2144580,11555889,825000000,0,5,300000
4810,750209,825000000,0,21,500000
8299,180098,825000000,0,20,400000
8299,180098,825000000,0,17,400000
10310,264376,413000000,0,45,700000
10310,264376,825000000,0,8,500000
1346116,15191941,825000000,0,36,700000
1269,27617,543000000,0,18,600000
913812,11568141,825000000,0,35,600000
7803,206246,825000000,0,3,200000
7803,206246,825000000,0,2,300000
6850,169613,825000000,0,58,900000
8297,179899,825000000,0,19,400000
2998528,10028601,275000000,0,17,400000
2998528,10028601,275000000,0,13,400000
2998528,10028601,275000000,0,33,600000
1117001,14887985,825000000,0,16,300000
25242,218832,825000000,0,16,400000
102119,768816,825000000,0,21,400000
72076,212788,825000000,0,9,800000
1980,49744,413000000,0,3,200000
0,1562075,543000000,0,7,200000
1212,41666,413000000,0,7,300000
10362,147373,413000000,0,4,200000
932572,14295229,413000000,0,6,300000
11045,196929,413000000,0,17,400000
923328,13206381,413000000,0,3,300000
3639,6515097,825000000,0,25,500000
1504348,7680105,825000000,0,17,400000
49192,180910,825000000,0,18,400000
46168,406621,413000000,0,45,700000
7213,180282,825000000,0,18,400000
1698656,7602217,825000000,0,26,500000
55249,419516,825000000,0,20,400000
3414332,13266677,413000000,0,63,1000000
2208,49445,543000000,0,10,300000
10162,141905,825000000,0,5,300000
10162,141905,825000000,0,8,300000
6232,171756,413000000,0,11,300000
6232,171756,413000000,0,13,400000
6232,171756,413000000,0,6,200000
6232,171756,413000000,0,8,300000
9679,167142,825000000,0,24,500000
2123320,11612021,413000000,0,14,400000
58182,406185,825000000,0,16,400000
1396,41894,413000000,0,49,800000
7212,180508,825000000,0,32,600000
1717528,7627249,825000000,0,16,400000
56522,406250,825000000,0,15,400000
3052264,12371781,825000000,0,29,400000
1027,50020,275000000,0,5,300000
926936,16264265,543000000,0,8,300000
811092,11859513,543000000,0,5,300000
813180,11543421,413000000,0,3,200000
869776,12941717,543000000,0,7,300000
649,22643,413000000,0,11,200000
10719,161209,825000000,0,52,800000
7857,149872,825000000,0,16,400000
13074,180357,825000000,0,17,400000
87972,257429,825000000,0,19,400000
845096,15828949,543000000,0,31,600000
8334,180177,825000000,0,18,400000
8334,180177,825000000,0,15,400000
86672,526349,825000000,0,19,400000
949114,16259429,543000000,0,12,300000
893540,15160289,543000000,0,2,200000
7873,132492,825000000,0,49,800000
912556,14908785,413000000,0,36,600000
2042,75141,413000000,0,27,500000
1222828,15676537,413000000,0,15,200000
1222828,15676537,413000000,0,12,200000
795327,15220529,825000000,0,22,500000
8320,180531,825000000,0,18,400000
1691,49875,413000000,0,19,400000
43941,162677,543000000,0,17,500000
7550,145327,413000000,0,9,400000
31185,405383,825000000,0,20,400000
43741,405620,543000000,0,23,500000
43741,405620,543000000,0,19,400000
6921,176177,825000000,0,5,200000
6553,180302,413000000,0,3,300000
1312,41218,413000000,0,7,300000
797028,11843945,413000000,0,4,200000
1337,45375,413000000,0,6,300000
796208,11535877,413000000,0,8,300000
830249,11544921,413000000,0,3,200000
810532,11743121,825000000,0,19,400000
19764,180273,825000000,0,21,500000
40271,155562,825000000,0,48,700000
37665,206049,543000000,0,47,600000
7595,141959,413000000,0,29,500000
1221,41917,413000000,0,25,500000
55469,406240,825000000,0,17,400000
1755,50018,413000000,0,18,400000
7412,199059,275000000,0,5,300000
33192,352208,825000000,0,10,400000
12219,260242,543000000,0,8,200000
808340,11555365,413000000,0,10,300000
808624,11570637,413000000,0,7,200000
953,46109,275000000,0,7,300000
757844,9458933,825000000,0,11,300000
6681,146577,825000000,0,17,300000
21886,193186,413000000,0,14,400000
56668,171872,543000000,0,26,500000
50541,421313,413000000,0,44,700000
7203,180466,825000000,0,17,400000
1737140,11066717,275000000,0,18,400000
63587,404422,825000000,0,21,500000
3147112,15725685,413000000,0,43,700000
8208,167986,413000000,0,5,300000
750896,14344225,825000000,0,8,200000
668368,5810961,413000000,0,6,200000
482,10476,543000000,0,6,300000
728736,7684061,275000000,0,4,200000
795940,14322105,543000000,0,6,300000
795940,14322105,543000000,0,7,300000
793592,11150997,413000000,0,2,300000
803016,11558565,413000000,0,6,200000
17917,255295,275000000,0,6,300000
733464,8013521,413000000,0,6,300000
377,14522,275000000,0,7,300000
1315,38669,413000000,0,6,300000
893,32808,206000000,0,4,200000
618,31448,206000000,0,5,300000
803,48138,206000000,0,6,300000
646984,4945053,165000000,0,8,300000
992916,7660521,165000000,0,3,300000
775744,5966429,825000000,0,4,300000
845840,15269157,543000000,0,4,200000
18227,326108,275000000,0,5,200000
790,36037,275000000,0,3,300000
12947,136843,413000000,0,5,200000
1710,70805,275000000,0,6,300000
647648,4948249,825000000,0,6,200000
17802,202401,275000000,0,6,300000
1937,59684,413000000,0,4,200000
734,25549,413000000,0,5,300000
727960,7712885,275000000,0,7,200000
475,10478,543000000,0,5,300000
1005088,15346189,413000000,0,6,200000
1005088,15346189,413000000,0,5,200000
2369,96838,275000000,0,8,200000
780320,10334849,206000000,0,6,300000
26141,369450,275000000,0,5,200000
11849,165725,275000000,0,5,300000
517,13967,413000000,0,6,200000
749,21505,413000000,0,43,600000
1159810,12413361,413000000,0,29,500000
1931,58880,413000000,0,24,500000
821696,7684161,275000000,0,6,300000
907652,6928117,825000000,0,5,300000
339,10528,413000000,0,11,300000
809396,11037025,275000000,0,6,200000
738352,8322777,275000000,0,10,200000
1117085,8304965,825000000,0,4,200000
17663,466889,165000000,0,7,300000
1178,24901,543000000,0,100,1400000
1178,24901,543000000,0,100,1400000
1178,24901,543000000,0,100,1400000
599,27559,275000000,0,100,1400000
749,16667,543000000,0,100,1400000
473,13981,413000000,0,100,1400000
891,20745,543000000,0,100,1400000
451,13980,413000000,0,100,1400000
530,20967,275000000,0,100,1400000
914,39910,275000000,0,100,1400000
760,50736,165000000,0,100,1400000
1867253,14169217,413000000,0,98,1400000
7299,182073,825000000,0,100,1400000
16954,180317,543000000,0,94,1300000
1494,41447,413000000,0,92,1300000
58459,527906,543000000,0,92,1300000
33769,171679,543000000,0,92,1300000
33769,171679,543000000,0,100,1400000
33769,171679,543000000,0,100,1400000
6648,782507,825000000,0,92,1300000
2174231,12371417,413000000,0,90,1300000
49081,230983,825000000,0,88,1300000
3401,84830,825000000,0,90,1300000
1415,43066,413000000,0,100,1400000
6315,161492,206000000,0,100,1400000
15282,131220,543000000,0,100,1400000
853904,12418233,413000000,0,100,1400000
0,405353,825000000,0,100,1400000
0,405353,825000000,0,100,1400000
0,405353,825000000,0,100,1400000
0,405353,825000000,0,100,1400000
0,405353,825000000,0,100,1400000
0,405353,825000000,0,100,1400000
0,405353,825000000,0,100,1400000
13003,653720,206000000,0,100,1400000
13003,653720,206000000,0,100,1400000
3176,63636,543000000,0,100,1400000
3176,63636,543000000,0,100,1400000
3176,63636,543000000,0,100,1400000
1570,10734537,543000000,0,100,1300000
1570,10734537,543000000,0,90,1300000
173290,2573766,825000000,0,85,1200000
173290,2573766,825000000,0,90,1300000
2008,40265,543000000,0,100,1400000
1120,44696,275000000,0,100,1400000
21615,318437,825000000,0,100,1400000
21615,318437,825000000,0,90,1300000
39608,257685,825000000,0,86,1200000
160560,691696,543000000,0,91,1300000
160560,691696,543000000,0,100,1400000
160560,691696,543000000,0,100,1400000
160560,691696,543000000,0,100,1400000
9675,261980,413000000,0,100,1400000
0,516151,825000000,0,100,1400000
0,516151,825000000,0,100,1400000
0,516151,825000000,0,100,1400000
0,516151,825000000,0,100,1400000
0,516151,825000000,0,100,1400000
0,516151,825000000,0,100,1400000
11354,562720,275000000,0,100,1400000
861664,12125653,413000000,0,100,1400000
1893,57789,413000000,0,100,1400000
816,31454,275000000,0,100,1400000
623,27176,275000000,0,100,1400000
880348,16533713,413000000,0,100,1400000
11232,283486,825000000,0,93,1300000
16148,192816,825000000,0,90,1300000
62442,576136,825000000,0,87,1200000
125084,483178,543000000,0,89,1300000
125084,483178,543000000,0,100,1400000
130955,1028860,825000000,0,97,1400000
8305,202584,825000000,0,93,1300000
8305,202584,825000000,0,90,1300000
8305,202584,825000000,0,86,1200000
196826,2454080,825000000,0,90,1300000
2429892,11620281,413000000,0,100,1400000
2429892,11620281,413000000,0,100,1400000
2429892,11620281,413000000,0,100,1400000
1794,56031,413000000,0,100,1400000
810084,15714393,413000000,0,100,1400000
1473,70275,275000000,0,100,1400000
6490,156469,825000000,0,100,1400000
1895,97529,825000000,0,100,1400000
31293,436849,413000000,0,100,1400000
31293,436849,413000000,0,100,1400000
31293,436849,413000000,0,100,1400000
31293,436849,413000000,0,100,1400000
31293,436849,413000000,0,100,1400000
31293,436849,413000000,0,100,1400000
31293,436849,413000000,0,100,1400000
31293,436849,413000000,0,100,1400000
1589,406115,413000000,0,100,1400000
3724,406220,413000000,0,92,1300000
38343,421848,413000000,0,90,1300000
48887,406291,413000000,0,88,1300000
55479,421892,413000000,0,91,1300000
58640,578047,413000000,0,100,1400000
58640,578047,413000000,0,100,1400000
31012,1734395,413000000,0,98,1400000
2262,47637,543000000,0,92,1300000
67451,671889,825000000,0,86,1200000
3068896,12540957,543000000,0,91,1300000
24012,154944,413000000,0,100,1400000
912458,12205073,825000000,0,100,1400000
912458,12205073,825000000,0,100,1400000
772568,7144789,825000000,0,69,1000000
0,406515,413000000,0,100,1400000
7434,167823,413000000,0,100,1400000
1037040,14218497,825000000,0,100,1400000
823900,8950233,825000000,0,100,1400000
823900,8950233,825000000,0,100,1400000
1311972,11226089,825000000,0,100,1400000
520,10528,543000000,0,100,1400000
520,10528,543000000,0,100,1400000
520,10528,543000000,0,100,1400000
520,10528,543000000,0,100,1400000
795,20449,413000000,0,100,1400000
795,20449,413000000,0,100,1400000
795,20449,413000000,0,100,1400000
1561,11906283,825000000,0,98,1400000
10629,813672,825000000,0,91,1300000
41976,418125,825000000,0,90,1300000
85893,441817,543000000,0,89,1300000
85893,441817,543000000,0,100,1400000
227725,1117918,825000000,0,100,1400000
10254,258220,825000000,0,100,1400000
10254,258220,825000000,0,90,1300000
9607,194992,543000000,0,89,1300000
2105,46256,543000000,0,91,1300000
2105,46256,543000000,0,100,1400000
952556,14090705,413000000,0,100,1400000
688844,7289701,275000000,0,100,1400000
1109,54033,275000000,0,100,1400000
1109,54033,275000000,0,100,1400000
1109,54033,275000000,0,100,1400000
85751,915803,825000000,0,100,1400000
777752,10238689,413000000,0,100,1400000
709,20754,413000000,0,100,1400000
803400,11549693,413000000,0,100,1400000
677880,5757677,825000000,0,100,1400000
6899,165780,825000000,0,100,1400000
6899,165780,825000000,0,100,1400000
738240,7070517,413000000,0,100,1400000
804380,11547901,413000000,0,100,1400000
7463,171424,543000000,0,100,1400000
6778,142003,825000000,0,94,1300000
6778,142003,825000000,0,91,1300000
73719,636211,413000000,0,88,1300000
143415,1088763,825000000,0,90,1300000
1622,43751,825000000,0,100,1400000
132970,1153037,543000000,0,100,1400000
8973,161053,825000000,0,92,1300000
75239,1500304,825000000,0,89,1300000
75239,1500304,825000000,0,88,1300000
104510,824149,825000000,0,90,1300000
3044,86502,413000000,0,100,1400000
28915,385236,825000000,0,100,1400000
1206894,15423845,275000000,0,100,1400000
2837,60175,543000000,0,65,1300000
0,406494,543000000,0,100,1400000
26693,523813,825000000,0,100,1400000
661,13987,543000000,0,100,1400000
661,13987,543000000,0,100,1400000
600,13955,543000000,0,100,1400000
8504,165554,275000000,0,100,1400000
727,28148,275000000,0,100,1400000
727,28148,275000000,0,100,1400000
727,28148,275000000,0,100,1400000
727,28148,275000000,0,100,1400000
815464,11569125,413000000,0,100,1400000
815464,11569125,825000000,0,100,1400000
39797,768275,825000000,0,92,1300000
22038,187031,413000000,0,94,1300000
1554,42722,413000000,0,100,1400000
160684,1469913,825000000,0,90,1300000
1352,27586,543000000,0,97,1400000
1067,41471,275000000,0,100,1400000
8787,224563,825000000,0,96,1400000
21496,406551,825000000,0,94,1300000
37895,246288,825000000,0,89,1300000
56031,406815,825000000,0,90,1300000
45670,406295,413000000,0,92,1300000
45670,406295,413000000,0,100,1400000
45670,406295,413000000,0,100,1400000
5568,140404,413000000,0,77,1100000
39115,3265657,543000000,0,100,1400000
39115,3265657,543000000,0,100,1400000
39115,3265657,543000000,0,100,1400000
795317,11579345,413000000,0,100,1400000
725024,7719989,543000000,0,100,1400000
13449,211874,413000000,0,100,1400000
474,21750,275000000,0,100,1400000
474,21750,275000000,0,100,1400000
676240,5751825,825000000,0,100,1400000
799,40872,206000000,0,100,1400000
20292,199928,825000000,0,100,1400000
9723,134249,825000000,0,97,1400000
11538,298689,825000000,0,92,1300000
2382012,10566569,825000000,0,88,1300000
2382012,10566569,825000000,0,84,1200000
6832,177948,413000000,0,91,1300000
41697,433698,825000000,0,100,1400000
30748,1362634,825000000,0,100,1400000
30748,1362634,825000000,0,92,1300000
32355,1094664,825000000,0,92,1300000
4926068,14892645,413000000,0,88,1300000
36438,186311,825000000,0,91,1300000
896078,11549977,413000000,0,100,1400000
581,41260,165000000,0,100,1400000
581,41260,165000000,0,3,200000
0,421818,413000000,0,100,1400000
6917,180700,413000000,0,100,1400000
20935,361853,543000000,0,100,1400000
8965,161102,543000000,0,100,1400000
677,28233,275000000,0,100,1400000
963784,14696493,275000000,0,100,1400000
963784,14696493,275000000,0,100,1400000
670092,5764373,206000000,0,100,1400000
829,42468,206000000,0,100,1400000
1713,37097,543000000,0,100,1400000
706,27412,275000000,0,100,1400000
6866,173565,825000000,0,100,1400000
7057,180438,825000000,0,92,1300000
1981676,11604957,413000000,0,88,1300000
2452,73549,413000000,0,87,1300000
2528,57421,543000000,0,90,1300000
41330,406123,825000000,0,100,1400000
848948,12547693,825000000,0,97,1400000
7954,180299,825000000,0,92,1300000
9286,180347,825000000,0,89,1300000
9286,180347,825000000,0,88,1300000
9286,180347,825000000,0,91,1300000
9286,180347,825000000,0,100,1400000
9286,180347,825000000,0,100,1400000
15007,433472,413000000,0,100,1400000
1213,27403,543000000,0,60,900000
10120,183464,543000000,0,100,1400000
10120,183464,543000000,0,100,1400000
83050,1219424,825000000,0,100,1400000
889416,11611625,413000000,0,100,1400000
9248,149120,825000000,0,100,1400000
1118560,10530833,825000000,0,100,1400000
1358108,12575569,825000000,0,100,1400000
3200,161857,206000000,0,100,1400000
736920,5701841,825000000,0,100,1400000
736920,5701841,825000000,0,100,1400000
736920,5701841,825000000,0,100,1400000
6048,255011,275000000,0,100,1400000
22680,460994,825000000,0,99,1400000
14241,828961,825000000,0,90,1300000
14241,828961,825000000,0,89,1300000
5471,165979,413000000,0,90,1300000
49148,253341,543000000,0,89,1300000
49148,253341,543000000,0,100,1400000
67328,1911346,825000000,0,100,1400000
8771,403631,825000000,0,92,1300000
1845788,11550737,413000000,0,92,1300000
28997,187085,413000000,0,88,1300000
120680,956638,825000000,0,91,1300000
120680,956638,825000000,0,100,1400000
120680,956638,825000000,0,100,1400000
6855,223796,413000000,0,44,700000
2545,78251,413000000,0,10,300000
2545,78251,413000000,0,7,300000
605,34713,206000000,0,14,300000
605,34713,206000000,0,11,400000
605,34713,206000000,0,14,300000
3940,99440,413000000,0,29,300000
762,22205,413000000,0,10,300000
762,22205,413000000,0,11,300000
762,22205,413000000,0,8,300000
762,22205,413000000,0,10,300000
762,22205,413000000,0,10,300000
762,22205,413000000,0,10,300000
762,22205,413000000,0,10,300000
1305300,13770561,275000000,0,11,300000
1305300,13770561,275000000,0,10,300000
1305300,13770561,275000000,0,11,400000
1305300,13770561,275000000,0,22,500000
769,28010,413000000,0,11,300000
769,28010,413000000,0,11,300000
769,28010,413000000,0,11,300000
769,28010,413000000,0,11,300000
899316,12131485,413000000,0,11,300000
729727,7665285,275000000,0,11,300000
724704,7717529,543000000,0,10,300000
724704,7717529,543000000,0,10,300000
724704,7717529,543000000,0,15,400000
724704,7717529,543000000,0,13,400000
724704,7717529,543000000,0,10,300000
724704,7717529,543000000,0,9,300000
724704,7717529,543000000,0,8,300000
724704,7717529,543000000,0,11,300000
724704,7717529,543000000,0,8,300000
724704,7717529,543000000,0,9,300000
724704,7717529,543000000,0,10,300000
724704,7717529,543000000,0,8,400000
724704,7717529,543000000,0,11,300000
724704,7717529,543000000,0,10,400000
724704,7717529,543000000,0,10,300000
724704,7717529,543000000,0,11,300000
724704,7717529,543000000,0,10,300000
724704,7717529,543000000,0,11,300000
21189,1188350,825000000,0,24,500000
1191,63920,206000000,0,41,700000
1222,64529,206000000,0,30,600000
1222,64529,825000000,0,12,300000
606,21542,413000000,0,11,300000
175751,2814861,275000000,0,10,300000
1389652,14728777,413000000,0,10,300000
1277432,10756889,825000000,0,10,300000
501,10474,543000000,0,10,300000
501,10474,543000000,0,11,300000
717064,6235681,543000000,0,13,400000
499,10865,543000000,0,10,300000
1495,81177,206000000,0,12,300000
1495,81177,206000000,0,23,300000
606,38632,165000000,0,11,300000
99140,1057905,543000000,0,10,300000
99140,1057905,543000000,0,12,300000
57121,1020919,206000000,0,11,300000
57121,1020919,206000000,0,9,500000
2029,51565,413000000,0,13,500000
1319,51230,275000000,0,11,400000
1319,51230,275000000,0,13,400000
1171,23826,543000000,0,27,500000
1144744,14850573,413000000,0,35,500000
1028248,12361045,413000000,0,16,400000
844284,11580677,543000000,0,12,300000
1221060,10352625,825000000,0,11,300000
393,8438,543000000,0,9,600000
1285084,11084685,413000000,0,10,300000
382,20988,206000000,0,11,300000
715,37543,206000000,0,8,300000
654,58432,165000000,0,12,300000
654,58432,165000000,0,12,300000
2520,55516,543000000,0,7,300000
9376,165538,275000000,0,11,300000
9376,165538,275000000,0,11,300000
9376,165538,275000000,0,12,300000
3343,110157,413000000,0,12,300000
28500,408830,413000000,0,11,300000
461,14478,413000000,0,11,300000
461,14478,413000000,0,11,300000
420,13936,413000000,0,16,300000
420,13936,413000000,0,11,400000
507,17160,413000000,0,10,400000
507,17160,413000000,0,11,700000
41832,596698,275000000,0,15,400000
41832,596698,275000000,0,16,300000
41832,596698,275000000,0,11,300000
4374,134873,413000000,0,14,400000
571,20710,413000000,0,9,300000
571,20710,413000000,0,15,300000
571,20710,413000000,0,10,300000
682899,7726589,275000000,0,9,300000
605476,4613013,825000000,0,6,300000
658072,8610097,825000000,0,7,300000
1512116,11539197,413000000,0,6,300000
1512116,11539197,413000000,0,5,200000
1776,68992,275000000,0,6,200000
1776,68992,275000000,0,7,300000
606292,4607269,165000000,0,5,200000
606292,4607269,165000000,0,5,300000
568,33306,206000000,0,9,300000
906492,16268189,543000000,0,8,300000
838256,8874737,275000000,0,3,200000
838256,8874737,275000000,0,4,200000
2647,84908,413000000,0,4,200000
723933,8010529,413000000,0,6,300000
723933,8010529,413000000,0,8,300000
723933,8010529,413000000,0,5,300000
3158,134494,275000000,0,7,300000
1168,39224,413000000,0,5,300000
1340,52187,275000000,0,5,200000
1166,37614,413000000,0,5,200000
1319,65904,275000000,0,6,500000
573068,4351605,165000000,0,4,300000
573068,4351605,165000000,0,4,300000
573068,4351605,165000000,0,4,300000
674520,9818721,825000000,0,3,300000
608288,4708857,165000000,0,5,300000
787772,14160677,543000000,0,6,300000
37652,673592,206000000,0,4,300000
37652,673592,206000000,0,7,300000
623728,4917829,165000000,0,6,300000
665612,6252389,825000000,0,5,200000
264,8402,413000000,0,5,300000
806584,11549069,413000000,0,5,300000
1424,63745,275000000,0,6,200000
999,32251,413000000,0,10,300000
1277,48160,275000000,0,3,200000
1496,48877,413000000,0,5,200000
543,19895,413000000,0,6,200000
811008,9382585,413000000,0,7,300000
728652,7754537,275000000,0,4,300000
477,10398,543000000,0,6,300000
477,10398,543000000,0,4,300000
477,10398,543000000,0,7,300000
477,10398,543000000,0,6,300000
477,10398,543000000,0,5,200000
1015028,7746897,825000000,0,32,800000
627,13985,543000000,0,49,800000
627,13985,543000000,0,32,600000
544,15603,413000000,0,42,700000
748,31489,275000000,0,5,300000
834,44066,206000000,0,14,200000
347,27057,165000000,0,3,200000
347,27057,825000000,0,5,200000
661,14574,543000000,0,7,300000
431,13960,413000000,0,5,200000
431,13960,413000000,0,5,300000
431,13960,413000000,0,3,300000
431,13960,413000000,0,4,300000
431,13960,413000000,0,6,300000
431,13960,413000000,0,6,200000
431,13960,413000000,0,5,300000
666,22008,413000000,0,5,300000
616,21525,413000000,0,5,300000
1441,62904,275000000,0,6,300000
631,34447,206000000,0,4,200000
631,34447,825000000,0,3,300000
631,34447,825000000,0,6,300000
3322,245406,825000000,0,3,200000
217836,8903108,825000000,0,35,600000
701,17218,543000000,0,40,700000
1099268,14029677,413000000,0,29,800000
648,20920,413000000,0,5,300000
1834,78413,275000000,0,63,400000
12600,224263,206000000,0,5,300000
1143536,9409937,825000000,0,3,300000
12872,339360,165000000,0,4,200000
11435,300313,206000000,0,5,300000
1249392,10767557,543000000,0,8,300000
672696,5821789,206000000,0,5,300000
827032,11857261,275000000,0,5,300000
651,14041,543000000,0,7,300000
671172,5755321,206000000,0,10,300000
967,23363,543000000,0,4,300000
580,11669,543000000,0,8,200000
580,11669,543000000,0,6,300000
1927,100208,206000000,0,7,200000
1199,31821,413000000,0,9,300000
640735,7687765,275000000,0,3,200000
753456,9392625,543000000,0,6,300000
1440,80206,206000000,0,5,300000
584548,4599893,165000000,0,6,300000
602484,4616789,825000000,0,6,300000
622404,5157733,413000000,0,4,200000
805820,11550493,413000000,0,4,300000
1378,64565,275000000,0,8,300000
606252,4606833,165000000,0,3,200000
700840,8975929,825000000,0,5,300000
635020,5645937,413000000,0,3,300000
806924,11552609,413000000,0,6,300000
1587,65364,275000000,0,5,300000
788824,10761965,206000000,0,7,300000
1076,55580,206000000,0,6,300000
9619,257866,825000000,0,5,300000
609912,4664673,413000000,0,4,200000
609912,4664673,413000000,0,7,200000
809340,11563985,413000000,0,7,300000
2882,118950,275000000,0,4,300000
2882,118950,275000000,0,7,300000
2882,118950,275000000,0,8,300000
3710,124130,413000000,0,14,400000
1498,55375,413000000,0,7,300000
729692,7717017,275000000,0,5,300000
10701,151376,206000000,0,6,300000
684988,7151529,825000000,0,7,300000
684988,7151529,825000000,0,3,300000
622204,5150637,413000000,0,4,300000
622204,5150637,413000000,0,4,300000
16213,171395,413000000,0,5,300000
1196,51423,275000000,0,4,300000
1196,51423,275000000,0,7,300000
804172,11313845,413000000,0,9,300000
679076,7188441,275000000,0,3,200000
608748,4619161,825000000,0,3,200000
714760,7273729,275000000,0,6,300000
767628,8948033,543000000,0,6,300000
462,15602,413000000,0,9,300000
806372,11541961,413000000,0,8,300000
806372,11541961,413000000,0,5,200000
725344,7688265,275000000,0,6,300000
412,8437,543000000,0,5,300000
803140,14698425,275000000,0,7,300000
808004,11562969,275000000,0,3,300000
743796,10730313,165000000,0,5,300000
18502,141640,825000000,0,4,300000
792852,7604957,413000000,0,5,300000
808164,11539789,413000000,0,8,300000
726804,7686205,275000000,0,5,200000
647032,5754393,206000000,0,4,200000
789844,10738697,275000000,0,8,300000
769748,10468049,543000000,0,5,300000
751892,8813133,275000000,0,6,200000
685488,6521181,543000000,0,5,300000
735400,7698945,275000000,0,4,200000
450,9102,543000000,0,5,300000
821444,14377545,543000000,0,13,200000
509,13339,413000000,0,5,200000
727188,7687749,275000000,0,4,300000
903040,11557105,413000000,0,31,600000
10085,145017,543000000,0,25,500000
10085,145017,543000000,0,7,300000
10085,145017,543000000,0,4,300000
10085,145017,543000000,0,8,300000
10085,145017,543000000,0,10,300000
10085,145017,543000000,0,6,200000
10085,145017,543000000,0,6,300000
646910,7268905,275000000,0,5,300000
672212,5755133,206000000,0,6,300000
744868,8959513,543000000,0,5,300000
719440,6173737,206000000,0,6,300000
788928,10801121,413000000,0,5,300000
12139,172084,413000000,0,8,300000
785852,10200797,275000000,0,7,300000
767652,9672201,413000000,0,5,200000
1454,63539,275000000,0,5,200000
1240,41368,413000000,0,5,200000
786928,8560565,413000000,0,3,300000
806008,11547009,413000000,0,3,200000
1397,63747,275000000,0,4,200000
1284,44658,413000000,0,27,600000
1284,44658,413000000,0,40,500000
1284,44658,413000000,0,26,500000
1284,44658,413000000,0,38,500000
1284,44658,413000000,0,6,300000
796348,11028429,275000000,0,3,200000
742200,8679573,206000000,0,4,200000
1577,39107,543000000,0,5,300000
1585844,13562777,543000000,0,6,300000
320,13996,275000000,0,4,200000
636,13949,543000000,0,6,300000
747120,8299133,413000000,0,5,300000
518,13968,413000000,0,5,300000
808728,11553977,413000000,0,8,300000
24247,345557,275000000,0,6,200000
669432,5751253,206000000,0,4,200000
904308,14525145,825000000,0,6,300000
583086,4734685,165000000,0,5,300000
27132,205927,543000000,0,6,300000
914456,7887609,206000000,0,6,300000
1736332,14875125,543000000,0,5,200000
1736332,14875125,543000000,0,6,300000
1736332,14875125,543000000,0,7,300000
1736332,14875125,543000000,0,4,300000
476,20627,275000000,0,5,200000
476,20627,275000000,0,4,200000
45498,488151,413000000,0,4,200000
45498,488151,413000000,0,5,200000
45498,488151,413000000,0,5,300000
45498,488151,413000000,0,7,200000
45498,488151,413000000,0,5,300000
45498,488151,413000000,0,3,200000
1224363,13224145,275000000,0,5,300000
728832,7721449,275000000,0,5,200000
728832,7721449,275000000,0,6,300000
728832,7721449,275000000,0,3,200000
70096,742758,413000000,0,6,200000
1452,61925,275000000,0,8,300000
1140,36554,413000000,0,5,300000
1606,76376,275000000,0,6,300000
1606,76376,275000000,0,6,200000
1606,76376,275000000,0,3,200000
3304,94563,413000000,0,5,200000
3304,94563,413000000,0,4,200000
3304,94563,413000000,0,6,300000
3304,94563,413000000,0,5,300000
3304,94563,413000000,0,46,500000
6010,264302,275000000,0,6,200000
6010,264302,275000000,0,4,300000
6010,264302,275000000,0,5,300000
3932,119834,413000000,0,8,300000
3932,119834,413000000,0,6,300000
3932,119834,413000000,0,14,300000
3932,119834,413000000,0,8,300000
5379,226280,275000000,0,10,300000
533,29277,206000000,0,12,300000
674745,5759345,206000000,0,7,400000
664960,5765037,206000000,0,8,300000
675200,5765909,206000000,0,9,300000
725976,6164433,206000000,0,16,400000
475,27574,206000000,0,77,1100000
1005151,8015717,825000000,0,55,900000
1721855,14386529,825000000,0,61,900000
1721855,14386529,825000000,0,3,200000
1721855,14386529,825000000,0,9,300000
3822,243223,825000000,0,5,300000
733524,11171793,825000000,0,9,400000
803640,11547637,413000000,0,18,400000
1138,40382,413000000,0,10,300000
343,20936,206000000,0,13,300000
343,20936,206000000,0,25,500000
343,20936,206000000,0,12,300000
343,20936,206000000,0,13,500000
343,20936,206000000,0,13,300000
343,20936,206000000,0,13,300000
7410,183921,543000000,0,25,500000
14968,259756,275000000,0,13,500000
13485,146032,275000000,0,13,500000
12530,133170,275000000,0,9,300000
683640,7685937,275000000,0,15,400000
441,10474,543000000,0,14,400000
870512,7790073,825000000,0,38,700000
1130096,14040853,413000000,0,30,700000
878748,14635121,543000000,0,28,500000
970,24984,413000000,0,10,400000
10505,135081,413000000,0,12,300000
10505,135081,413000000,0,10,300000
10505,135081,413000000,0,9,300000
10505,135081,413000000,0,13,400000
5319,212962,275000000,0,12,300000
5319,212962,275000000,0,14,300000
5319,212962,275000000,0,5,300000
5319,212962,275000000,0,5,200000
5319,212962,275000000,0,6,300000
5319,212962,275000000,0,4,300000
807320,11546069,413000000,0,3,300000
807320,11546069,413000000,0,3,200000
807320,11546069,413000000,0,25,500000
807320,11546069,413000000,0,7,300000
807320,11546069,413000000,0,4,300000
807320,11546069,413000000,0,6,300000
807320,11546069,413000000,0,4,200000
195717,2817255,275000000,0,7,300000
1344,50569,275000000,0,4,300000
1344,50569,275000000,0,5,300000
2423,73008,413000000,0,7,300000
